 -0.856262361133509E-002 -0.823678913499992E-002 -0.173373282084791E-001  0.235088854076007E-001  0.994413860880070E-003  0.548486554611349E+001  0.493571250630804E+001
  0.120216936485489E-001 -0.465180085951389E-002 -0.699483804506718E-002 -0.227587668819321E-001  0.733049598678984E-003  0.549793375922354E+001  0.542001829880346E+001
  0.318908080706848E-002  0.302187395462030E-001 -0.977557575306831E-002  0.524175274106620E-002  0.104638030925772E-002  0.548226722369461E+001  0.536576361740476E+001
  0.489886397482731E-002  0.186309858379334E-001  0.588502862641249E-002 -0.232026972084013E-001  0.944111221215585E-003  0.548738067809671E+001  0.544518520743758E+001
 -0.873350455767952E-002 -0.690359274466279E-002 -0.290970942204285E-001  0.160441679625891E-001  0.122798991232743E-002  0.547318674354112E+001  0.531622369784862E+001
  0.136976555252573E-001 -0.299096482762932E-001 -0.131170522460189E-001 -0.347119109187877E-002  0.126631905412131E-002  0.547127028645143E+001  0.543127975035040E+001
 -0.350960613831774E-002  0.775230943401484E-002  0.129368313564537E-002  0.260085011221260E-001  0.750531383481918E-003  0.549705966998340E+001  0.546474377520001E+001
 -0.392144251475346E-002 -0.431748065514559E-002  0.467042135920748E-002  0.267637652804307E-001  0.772130318262600E-003  0.549597972324436E+001  0.545127275042096E+001
  0.193187413617619E-001  0.222439283345823E-001  0.227162988217344E-003  0.130948825438630E-001  0.103953366741747E-002  0.548260955578662E+001  0.545697069006569E+001
  0.117435558566164E-001 -0.303143308401543E-002  0.173453668205508E-001  0.803094840431884E-002  0.512458573112626E-003  0.550896331050186E+001  0.539668019967450E+001
  0.182675656720488E-001  0.223519824042873E-001  0.570999508723613E-002  0.110713296840101E-001  0.988493457852488E-003  0.548516156626487E+001  0.545114513965533E+001
  0.195514371149694E-001 -0.194344254864615E-001  0.601905592363017E-002 -0.148316624809323E-001  0.101616283340951E-002  0.548377809748702E+001  0.545516016017878E+001
  0.185873123339690E-001 -0.120450733149943E-001 -0.269011411029666E-001  0.674214985198263E-002  0.125969994823241E-002  0.547160124174587E+001  0.545620451516483E+001
 -0.201097253868621E-001  0.851251490890004E-002 -0.125456521301848E-001 -0.288113200876294E-002  0.642558274232778E-003  0.550245832544585E+001  0.544987090219843E+001
  0.102195494724924E-001 -0.116078874918745E-001  0.700509861133236E-003 -0.265326732493240E-001  0.943655707265671E-003  0.548740345379421E+001  0.541461616203613E+001
 -0.526062003484107E-002 -0.422888511328967E-002  0.202529429324949E-002 -0.187369069117205E-003  0.496945165947050E-004  0.553210151332776E+001  0.543432755125782E+001
 -0.226452556185746E-001  0.296172478987011E-002  0.234429785423484E-001  0.106196047148117E-001  0.118392866299737E-002  0.547538980600762E+001  0.540606888723909E+001
  0.237669917091621E-002 -0.196259783997709E-001  0.219548619227441E-001  0.193314987152500E-001  0.124655053172178E-002  0.547225871257140E+001  0.542587727667319E+001
 -0.134280679105413E-001  0.765957814709939E-002 -0.999795127268865E-002  0.134678148513352E-001  0.520323211722533E-003  0.550857007857137E+001  0.545481615437041E+001
  0.816296869295008E-002  0.221906277351480E-001  0.212511936727540E-001  0.798350083210497E-002  0.107440753521512E-002  0.548086586239674E+001  0.538699640242081E+001
  0.764935406395462E-002 -0.753497278090143E-002 -0.322074701602948E-001  0.100468620588123E-002  0.115361896090323E-002  0.547690529111233E+001  0.539486745419489E+001
 -0.239350296644451E-001 -0.174923403314797E-002 -0.193467379795104E-001 -0.160416252792804E-001  0.120757547678927E-002  0.547420746531803E+001  0.542996127378446E+001
  0.139189747469946E-001  0.254620373628041E-001  0.764456074845499E-002  0.963602575982070E-002  0.993345506153049E-003  0.548491896384984E+001  0.546230318607358E+001
 -0.706317778982057E-002 -0.128273997714180E-001  0.774409082738980E-002  0.223773555222719E-001  0.775147648299406E-003  0.549582885674252E+001  0.545852958421039E+001
  0.103392175364392E-002 -0.138318865377443E-001 -0.235758737607388E-001 -0.130132416910871E-001  0.917556362278627E-003  0.548870842104356E+001  0.524704382990019E+001
 -0.120398304601883E-001 -0.288811369933091E-001 -0.728771277821216E-002 -0.136459538976504E-001  0.121840040685088E-002  0.547366621881495E+001  0.540713033152158E+001
 -0.127442441151036E-001 -0.871598530277629E-003  0.118501316353123E-001 -0.272784494675995E-001  0.104771486719394E-002  0.548220049579779E+001  0.532048072664785E+001
  0.223531436823634E-001 -0.245620769447870E-001  0.429107296131659E-002  0.555553710006595E-002  0.115223595595557E-002  0.547697444135971E+001  0.544506957564647E+001
  0.320048405352558E-002  0.185408900672657E-001 -0.250626294036861E-001  0.126242778683108E-001  0.114151548698613E-002  0.547751046480819E+001  0.538401318499708E+001
  0.145430257177708E-001  0.241373599538997E-002  0.640529717019356E-002  0.226584899685931E-001  0.771760717978507E-003  0.549599820325857E+001  0.533483823112172E+001
 -0.110016217454633E-001  0.151235967999290E-001  0.686110331153422E-002 -0.295380010632843E-001  0.126932710666320E-002  0.547111988382433E+001  0.544678884842628E+001
 -0.111630777860158E-001 -0.331332101377395E-001 -0.851682487678285E-002 -0.749743879383280E-002  0.135117181413730E-002  0.546702764845063E+001  0.526204090449329E+001
  0.169973873722773E-001  0.738348782478759E-002  0.148313081194213E-001  0.606694290098875E-002  0.600202566639110E-003  0.550457611082554E+001  0.534063939674071E+001
  0.170282069920884E-001 -0.995965122255005E-002 -0.896695504451916E-002 -0.883302175862055E-002  0.547583041998943E-003  0.550720708705754E+001  0.533845952528501E+001
  0.115928720194252E-001 -0.124365540270179E-001  0.151593574167419E-001 -0.204829434625072E-001  0.938419647902502E-003  0.548766525676237E+001  0.546297973043620E+001
 -0.119264156242589E-001  0.138760794121533E-001  0.600272007534763E-002  0.274904427286207E-001  0.112654205921351E-002  0.547825913619682E+001  0.543834395347257E+001
 -0.856609029368682E-003 -0.202175197458531E-001  0.188679073936078E-001 -0.104810394049469E-001  0.875332000124964E-003  0.549081963915124E+001  0.537690064044277E+001
 -0.365326000878285E-002 -0.257307534771797E-001 -0.217514145341779E-001  0.506209234004773E-002  0.117416679629198E-002  0.547587789934289E+001  0.517518659232646E+001
 -0.152709854750755E-001  0.162787275147813E-001  0.780980573272139E-003  0.659794778990919E-002  0.542342812574663E-003  0.550746909852876E+001  0.534056464669176E+001
  0.237851806708216E-001  0.237508982263512E-001  0.291992801498053E-002  0.148699524787668E-001  0.135948145243557E-002  0.546661216653571E+001  0.533740491398586E+001
 -0.335468449191362E-001  0.102972962800596E-003  0.531824454706786E-003 -0.610902389033108E-002  0.116300441760290E-002  0.547643601827735E+001  0.531696535105749E+001
  0.656483185407231E-002 -0.177390162361157E-001 -0.201246470041533E-001 -0.109960346819182E-001  0.883683910065144E-003  0.549040204365423E+001  0.543869849313525E+001
 -0.734216969716039E-002 -0.172022886375022E-001 -0.330913012186584E-002 -0.309504029731996E-001  0.131870397659672E-002  0.546865104032766E+001  0.508578129454256E+001
  0.175756885796652E-002  0.333296308825124E-001  0.257436601223082E-002  0.140889830076181E-001  0.131908014560890E-002  0.546863223187705E+001  0.546395900305037E+001
 -0.491689931989214E-002 -0.336382439957927E-003  0.610032465971466E-002 -0.223279954975123E-001  0.560042395958720E-003  0.550658411935956E+001  0.545720211401088E+001
  0.174564855393526E-001  0.162924260993929E-001 -0.273294232463691E-001 -0.576686653583103E-002  0.135032616021107E-002  0.546706993114694E+001  0.532948434131864E+001
  0.207737960170633E-001  0.836535000829275E-002 -0.163213838349638E-001 -0.715603504366769E-002  0.819126089554218E-003  0.549362993467978E+001  0.542771682258615E+001
 -0.105064020892187E-001  0.377751803643678E-002 -0.186970136525975E-001  0.189166974434736E-001  0.832073889069280E-003  0.549298254470403E+001  0.545033482873838E+001
 -0.152018964360241E-001  0.354702299235998E-002  0.361237514193702E-003  0.275759066869621E-001  0.100424014950963E-002  0.548437423168201E+001  0.544040089784726E+001
 -0.656725655638790E-002 -0.878368090051473E-002 -0.122733792051527E-001  0.252037750097920E-001  0.906148020697177E-003  0.548927883812263E+001  0.544596890397362E+001
 -0.142701026176077E-001 -0.508846352101133E-002  0.809518179038693E-002  0.483512429220911E-002  0.318438684862241E-003  0.551866430491438E+001  0.521769856820256E+001
  0.646836129135253E-002 -0.145134943530051E-001 -0.240983118352790E-001  0.109265734745312E-001  0.952599857334855E-003  0.548695624629075E+001  0.545887070739343E+001
 -0.151465092779502E-001  0.172271372136112E-002 -0.249988414933822E-002  0.288873752840701E-001  0.107311435743562E-002  0.548093052128571E+001  0.539700643942468E+001
  0.102799337876358E-002 -0.722534374113071E-002  0.948102615424906E-002 -0.223470359298472E-001  0.642542234351716E-003  0.550245912743991E+001  0.538113149800010E+001
 -0.140983027232988E-002  0.269006167080408E-001  0.235326725393237E-002 -0.172362350523281E-002  0.734139545425922E-003  0.549787926188620E+001  0.544779642557585E+001
  0.906977462196368E-002  0.185517055650091E-001 -0.421833247426073E-002 -0.114008380018860E-001  0.574200027072655E-003  0.550587623780386E+001  0.546090977764082E+001
 -0.673421285671538E-002 -0.392653832172418E-002 -0.265147981894031E-001 -0.174195649972497E-002  0.766836261463225E-003  0.549624442608433E+001  0.543029946883834E+001
  0.921721423023714E-002  0.109030428337924E-001  0.217506478765788E-001 -0.186233493074993E-001  0.102375320368165E-002  0.548339857897341E+001  0.546364968173690E+001
 -0.233255974602402E-001  0.192951287633061E-001  0.118130617941719E-001  0.113746233465983E-002  0.105722774038542E-002  0.548172485213822E+001  0.546540309966970E+001
 -0.230831563356704E-001  0.758327276614401E-002 -0.125850308332599E-001  0.228761477338726E-001  0.127203926847881E-002  0.547098427573355E+001  0.544549153018197E+001
  0.294760387056852E-001  0.533260220355647E-002  0.183032727217269E-001 -0.113845348624722E-001  0.136189093040118E-002  0.546649169263743E+001  0.542410214918767E+001
 -0.107651241852801E-001 -0.114661890339405E-001  0.141789107374501E-003 -0.131372128313686E-001  0.419967854814205E-003  0.551358784641678E+001  0.543001620228693E+001
  0.116288705814716E-001 -0.105856074091837E-002 -0.316491533988963E-001  0.266382668526965E-003  0.113809105243579E-002  0.547768168653570E+001  0.545665986408838E+001
 -0.138964211897692E-001  0.377770438205216E-002  0.175843084018308E-001 -0.289488332401868E-001  0.135462442022048E-002  0.546685501814647E+001  0.545596898724540E+001
  0.990575516071424E-002  0.194852888218278E-001 -0.160847979974881E-001 -0.132882254067440E-001  0.913098126854496E-003  0.548893133281477E+001  0.546344633815339E+001
  0.877556277607106E-002 -0.210532884553609E-001  0.215349573136070E-004  0.125387169556292E-001  0.677471343469168E-003  0.550071267198403E+001  0.546557006268115E+001
 -0.178440059841378E-001  0.239198597217736E-001  0.125459449643666E-001 -0.767208450675505E-002  0.110682985439898E-002  0.547924474643754E+001  0.545985038958169E+001
 -0.250409674541275E-001 -0.428713708449702E-002 -0.226140281708103E-001  0.122272454004912E-002  0.115831892083098E-002  0.547667029311594E+001  0.542889618417887E+001
  0.287642998378956E-002 -0.981493380795806E-002 -0.127298321759001E-001 -0.691759458136465E-002  0.314508517124948E-003  0.551886081330124E+001  0.537025756343239E+001
 -0.153705496565330E-001 -0.174044136050178E-002  0.248564970708327E-001 -0.112282698027723E-001  0.983202422269453E-003  0.548542611804402E+001  0.544594021732597E+001
  0.161124990985682E-001 -0.579308199106565E-002 -0.156134137488990E-001  0.286027705219729E-001  0.135506959658352E-002  0.546683275932832E+001  0.543171843664739E+001
 -0.123321142055310E-001  0.459399587109011E-002  0.192027032546285E-001 -0.105128820500522E-001  0.652450340125482E-003  0.550196372215122E+001  0.546511675995343E+001
  0.173688124178693E-001  0.174826270284634E-001  0.197636750438539E-001 -0.180996129984857E-001  0.132551673455749E-002  0.546831040242962E+001  0.540718355017802E+001
 -0.198698684880574E-001  0.163654250174725E-001  0.225534949971746E-001  0.888205959914390E-002  0.125018992904554E-002  0.547207674270522E+001  0.544658469537622E+001
  0.154829373315613E-002  0.166240323247209E-001  0.227742113403790E-001 -0.221477041075909E-001  0.128794116363114E-002  0.547018918097594E+001  0.544538220930094E+001
 -0.294917509694825E-002  0.176759396116288E-001  0.237629610030723E-001  0.728801260977185E-002  0.938929918340137E-003  0.548763974324048E+001  0.539716896181586E+001
 -0.207934861500668E-001  0.923527484968378E-002 -0.118113560499916E-001  0.239886980106698E-001  0.123262513180901E-002  0.547295498256704E+001  0.543737772992217E+001
  0.296670688424916E-001  0.149462927823913E-001  0.397710647408456E-002  0.262007168584444E-002  0.112620879318727E-002  0.547827579949813E+001  0.540670797582313E+001
  0.965090117696144E-002 -0.154167955559392E-002  0.348212052407373E-001 -0.141509179642330E-002  0.131003548858947E-002  0.546908446472802E+001  0.545738673347956E+001
  0.180647642025475E-001  0.981366232360448E-002 -0.109972627637239E-001 -0.116669845765180E-001  0.679701991298476E-003  0.550060113959257E+001  0.546510875646260E+001
 -0.274035675199742E-001 -0.107713985725830E-001 -0.138205275292114E-002  0.312060576320894E-002  0.878626790172458E-003  0.549065489964887E+001  0.546454578264487E+001
 -0.139455982039958E-001  0.210857706561107E-001  0.541876553121257E-002 -0.175594654938174E-001  0.976787281740211E-003  0.548574687507048E+001  0.544669374397815E+001
  0.888445983060215E-002 -0.972462371324645E-002  0.203655253210488E-001  0.134218606093357E-001  0.768402896664538E-003  0.549616609432427E+001  0.536462485376647E+001
 -0.781276516377716E-002  0.190267746718547E-001  0.139703000375706E-001  0.214178311586177E-001  0.107695022859666E-002  0.548073872772766E+001  0.542723514283522E+001
 -0.683558520926164E-002 -0.121528253743969E-001  0.144726293277280E-001 -0.136601669976860E-001  0.590473551796143E-003  0.550506256156768E+001  0.544951362153264E+001
 -0.122254104962387E-001  0.724588884879118E-002 -0.281414492820142E-001  0.157690910577721E-001  0.124256896749107E-002  0.547245779078294E+001  0.537334548224598E+001
  0.113510074382150E-001 -0.238678873321625E-001 -0.130492390536097E-002  0.147099999941513E-002  0.702388082960278E-003  0.549946683500948E+001  0.544323750949542E+001
 -0.166663525807818E-001  0.872259207963300E-003 -0.253752290289859E-001  0.158657293907354E-001  0.117415176184634E-002  0.547587865106517E+001  0.526161574206572E+001
 -0.148840532325916E-001  0.603960518241076E-003  0.949691100945915E-002  0.523925469057995E-002  0.339540917372564E-003  0.551760919328886E+001  0.544974552109317E+001
  0.150964500818636E-001 -0.197879331954646E-001 -0.484550518041116E-002  0.764467569140947E-004  0.642949869782401E-003  0.550243874566837E+001  0.541437818898765E+001
 -0.447243347119242E-002  0.113887135928237E-001 -0.121842053815712E-001  0.268566018039023E-001  0.101943737968728E-002  0.548361437017313E+001  0.544327087181483E+001
  0.114674101845504E-001  0.242972412464182E-003 -0.140310867585349E-001  0.302002123679368E-002  0.337552455830169E-003  0.551770861636598E+001  0.537311563993335E+001
 -0.220843121078846E-001 -0.237538263704902E-001 -0.107932721246191E-001 -0.681544835760528E-002  0.121490616798912E-002  0.547384093075804E+001  0.545722249528207E+001
  0.118959762951674E-001 -0.792160633483296E-002  0.131729110358418E-001 -0.187217497389773E-001  0.728295597386351E-003  0.549817145928817E+001  0.542557403172822E+001
 -0.986604469682306E-002 -0.242210843593134E-001 -0.174031820564771E-001 -0.857488510993987E-003  0.987605797738057E-003  0.548520594927059E+001  0.542128338247538E+001
  0.161478581644559E-001 -0.174297605803422E-001  0.197116065666616E-001  0.159070893858053E-001  0.120613280335429E-002  0.547427959898978E+001  0.546052038144332E+001
 -0.153326921586316E-002 -0.877187203561336E-003 -0.265465978235065E-001 -0.113517448343964E-001  0.836704338666653E-003  0.549275102222416E+001  0.545479066812155E+001
 -0.243690114078170E-001  0.236322190761491E-001  0.100544068873609E-002 -0.111590136601362E-001  0.127786499230309E-002  0.547069298954234E+001  0.529199468330326E+001
  0.248360505505323E-001 -0.616468339418341E-002  0.118497828906912E-001  0.142592923594103E-001  0.998577501446768E-003  0.548465736408515E+001  0.546591679146172E+001
  0.460163671100799E-002 -0.609400971385388E-002  0.913610447328095E-002  0.158448970970428E-001  0.392841183775223E-003  0.551494417996873E+001  0.540259540499178E+001
  0.171696151187954E-001  0.927648775782375E-002  0.532867485491484E-002  0.128582507571626E-001  0.574578296692098E-003  0.550585732432289E+001  0.543661678562587E+001
  0.156455717160020E-001 -0.250775653627450E-001  0.133978695390113E-001  0.448940805402542E-002  0.107332589170322E-002  0.548091994457233E+001  0.541981850236143E+001
 -0.215108364816208E-002  0.438046348181187E-002 -0.123160720841128E-001  0.626951505528406E-002  0.214808071786373E-003  0.552384583556817E+001  0.531789142366473E+001
 -0.936682212678897E-002 -0.457938835558269E-002 -0.321148304499452E-002  0.102958540816895E-001  0.225026389085880E-003  0.552333491970320E+001  0.545301690228297E+001
 -0.361264540127866E-001  0.377618234840660E-002 -0.490564893071110E-002 -0.436014556372932E-002  0.136245649343470E-002  0.546646341448576E+001  0.545343304897386E+001
  0.596082100585282E-002  0.153448941189827E-002  0.213992514069226E-001 -0.202142221654306E-001  0.904428783349106E-003  0.548936479999004E+001  0.546148340168906E+001
  0.684888874034062E-003  0.218345440360022E-001  0.644548075204665E-002  0.155035658412084E-002  0.521164213692824E-003  0.550852802847285E+001  0.527343537792744E+001
  0.576555011998559E-002 -0.556543077498695E-002  0.123315841109812E-001  0.710236014629984E-002  0.266727074231191E-003  0.552124988544593E+001  0.542719822086746E+001
  0.521206213779291E-002 -0.252316895746842E-001  0.810700993223712E-002 -0.219472776429244E-001  0.121121035649844E-002  0.547402572133257E+001  0.545857833206019E+001
 -0.214791342055700E-001 -0.105009651859239E-001  0.122626742653362E-001  0.486018353149609E-002  0.745618040154439E-003  0.549730533714977E+001  0.539219361371769E+001
 -0.146534144104840E-001  0.101569364773648E-001  0.292024110689986E-001  0.249909561877959E-002  0.117691220364518E-002  0.547574062897523E+001  0.543543626632367E+001
  0.788047901201283E-002 -0.125937445180369E-001  0.213358768265484E-001  0.859713754568081E-002  0.749834764381356E-003  0.549709450093842E+001  0.537270702674165E+001
 -0.460676469556154E-002 -0.371046785449147E-002 -0.156505164170327E-001  0.224467887853959E-001  0.783786843555471E-003  0.549539689697972E+001  0.543023411510769E+001
  0.218878867765959E-001  0.318518504041543E-002 -0.114317451594833E-001 -0.101998865755001E-001  0.723947474831206E-003  0.549838886541593E+001  0.543258654259289E+001
 -0.150067156291833E-002  0.298933100634224E-002 -0.113864470305604E-001  0.916019906047172E-003  0.141678383453262E-003  0.552750231998483E+001  0.544650091723098E+001
  0.153213372921719E-001  0.594286161811119E-003  0.407780216991971E-002 -0.379689791728133E-002  0.266141456793874E-003  0.552127916631780E+001  0.546006395555189E+001
  0.424168547237680E-002  0.180230627792952E-001  0.139351257396558E-001  0.595026687056754E-002  0.572416092803981E-003  0.550596543451729E+001  0.545632939841543E+001
 -0.230174454066776E-001 -0.154775321623443E-001 -0.106794897081870E-001  0.179869780760926E-001  0.120693967562289E-002  0.547423925537635E+001  0.545287519614325E+001
 -0.127085805413174E-001  0.176905856655201E-001 -0.251110436027262E-001 -0.293009056152416E-002  0.111361478208100E-002  0.547890550005344E+001  0.542078555059457E+001
 -0.662800284670939E-002 -0.172148319991150E-001  0.134907538648725E-001 -0.163422181685314E-001  0.789349397004193E-003  0.549511876930728E+001  0.544406503928638E+001
  0.331710923666886E-001 -0.270877879393361E-002 -0.100952171179112E-001  0.111942342952271E-001  0.133488314146806E-002  0.546784208208409E+001  0.546350692401391E+001
 -0.140293134663000E-001  0.307446945272534E-001  0.840288699960201E-002  0.662637410540201E-002  0.125657522162265E-002  0.547175747807636E+001  0.540639878698920E+001
  0.250218088333418E-001 -0.536519054709450E-002 -0.166283887257286E-001 -0.261052740371970E-002  0.938194351838444E-003  0.548767652156557E+001  0.542340541391183E+001
  0.164833718390287E-001  0.277210170188225E-003  0.139004209903932E-001  0.536703617363310E-002  0.493805173661391E-003  0.550989598047442E+001  0.544202713520789E+001
 -0.147151646214808E-001  0.691542959068170E-002  0.154501401259006E-001 -0.996033627684112E-002  0.602274364918678E-003  0.550447252091156E+001  0.544293240439212E+001
 -0.127967307954513E-002  0.183637162307717E-001  0.263767494015759E-001  0.779874843729478E-002  0.109541702317656E-002  0.547981538799866E+001  0.540369071142320E+001
 -0.649247722059987E-002  0.205987224668218E-001  0.847185153753238E-002  0.261944313296740E-001  0.122438012888416E-002  0.547336723271328E+001  0.540739419861267E+001
 -0.231952843702279E-001 -0.977911697619971E-002 -0.412450259818231E-002 -0.121029472168982E-001  0.797145198867372E-003  0.549472897921412E+001  0.527659481556983E+001
 -0.307210503215372E-002  0.235273421791047E-001 -0.836027642888060E-002 -0.205571876772883E-001  0.105546584650781E-002  0.548181294683210E+001  0.544434861798131E+001
  0.131739044819816E-001  0.469254059274382E-002 -0.169187552136898E-001  0.232949335104398E-001  0.102446990175149E-002  0.548336274406992E+001  0.545427765554099E+001
 -0.214687145442187E-001  0.147713672122787E-001 -0.183870667933916E-001  0.977900001428722E-004  0.101719278164990E-002  0.548372660007500E+001  0.543689335387849E+001
  0.714001808557163E-002  0.153242850243545E-001 -0.489583910750602E-003 -0.212046799994091E-001  0.735691716052951E-003  0.549780165335484E+001  0.534053904680353E+001
  0.764976336659506E-002 -0.318633052421979E-002  0.117683923595311E-001 -0.287320780426047E-001  0.103269894914867E-002  0.548295129170006E+001  0.546048109999292E+001
  0.140370477868665E-001 -0.141603779255993E-001  0.130740162254657E-001 -0.111876013479795E-001  0.693647337751627E-003  0.549990387226991E+001  0.542232878326584E+001
 -0.873025078635059E-002  0.118798184778579E-001  0.135430573863147E-001 -0.201382496633512E-001  0.806310868731906E-003  0.549427069572090E+001  0.538846870912880E+001
  0.228780400766688E-001 -0.477944459972546E-002 -0.653953872190505E-002  0.152287531910169E-001  0.820928298879713E-003  0.549353982421351E+001  0.545862245405463E+001
  0.104763668039998E-002  0.121542958878720E-001 -0.978309811666178E-002 -0.130535243819151E-001  0.414927958693544E-003  0.551383984122281E+001  0.545171177207981E+001
  0.179920254439527E-001  0.117959198648094E-001  0.183696535533484E-001 -0.287096678903198E-002  0.808543327006619E-003  0.549415907280716E+001  0.546492252390704E+001
  0.285285072104253E-001 -0.919986465387035E-002 -0.174200710453030E-001  0.370728949542731E-002  0.121571610393113E-002  0.547380043396094E+001  0.546087744689133E+001
 -0.251221968308813E-001 -0.785781523399032E-002  0.225844313714216E-001  0.120362628021555E-001  0.134779819647408E-002  0.546719632933379E+001  0.541067556797793E+001
 -0.170919920886864E-001 -0.245662592108509E-002  0.459843521691528E-002  0.285977540603648E-001  0.113714834821714E-002  0.547772882174664E+001  0.537866508622781E+001
 -0.206165116945378E-001  0.127287829817211E-001 -0.171927536062899E-002 -0.649314266551082E-002  0.632179280087110E-003  0.550297727515314E+001  0.543309338873809E+001
  0.248226889928738E-002 -0.666219511633337E-002  0.995669613172256E-002  0.171659624084530E-001  0.444352565924347E-003  0.551236861086127E+001  0.513660099001033E+001
  0.678353203147997E-002  0.122830784431482E-001 -0.128575443450013E-001 -0.368608483611776E-002  0.375793990865380E-003  0.551579653961422E+001  0.542187945667631E+001
  0.911296370221581E-002  0.253957634597186E-001 -0.107882049543176E-001  0.135489446671171E-001  0.102795017686885E-002  0.548318873031405E+001  0.546323538131947E+001
  0.296429081540439E-001 -0.135113814515513E-001 -0.970607050096661E-002  0.843193500281902E-002  0.122656476501991E-002  0.547325800090650E+001  0.544708800888844E+001
 -0.297537406310638E-001 -0.136612098311600E-001  0.651742745247597E-002 -0.704275255898201E-002  0.116399095979694E-002  0.547638669116765E+001  0.543457560623348E+001
 -0.407650543473370E-002 -0.151469343322510E-001  0.448740857799246E-002 -0.248926320191014E-001  0.885827480809171E-003  0.549029486511703E+001  0.545980982581253E+001
 -0.467176468681940E-002  0.279774425241013E-001 -0.136878202445287E-001  0.522514100338434E-002  0.101922119703018E-002  0.548362517930598E+001  0.538571356178069E+001
 -0.620024264052255E-002 -0.143834048597673E-001  0.234649260288089E-002 -0.684582147880131E-002  0.297696643416324E-003  0.551970140698668E+001  0.535090532943316E+001
 -0.292745316699239E-002  0.317126172930116E-001  0.194936208377805E-002  0.201390542878332E-002  0.102211590522770E-002  0.548348044389611E+001  0.503376364425148E+001
  0.302946689699830E-001 -0.220132057991440E-002  0.406974355693146E-002  0.195982397915959E-001  0.132326659584448E-002  0.546842290936527E+001  0.533918558099104E+001
  0.198069259099687E-001  0.738182824395239E-002  0.121766308370148E-001 -0.900507210988455E-002  0.676167364471363E-003  0.550077787093392E+001  0.535241626748949E+001
  0.128830411271565E-001 -0.200999533446330E-001  0.110359809482461E-001  0.201487847674380E-001  0.109774727623502E-002  0.547969887534574E+001  0.542200009419508E+001
 -0.147566716365819E-001  0.873728440180477E-002 -0.839064834215508E-002  0.274550378940550E-001  0.111828158187363E-002  0.547867216006381E+001  0.544070187631910E+001
 -0.141326111019316E-001  0.282868081453309E-001 -0.127225421389865E-001  0.121161546358730E-001  0.130853849324787E-002  0.546915931449510E+001  0.545930703685079E+001
 -0.156396096032583E-001 -0.160915563783520E-001 -0.150406083526214E-001 -0.149566386468815E-001  0.953456514450344E-003  0.548691341343497E+001  0.544842946196666E+001
 -0.253310657522121E-002  0.339636723175052E-002  0.372300990233865E-002 -0.282003334453774E-001  0.827071548457722E-003  0.549323266173461E+001  0.546080204515966E+001
 -0.162390469845048E-001  0.237177412263467E-001 -0.123125300169576E-001 -0.138837926825106E-001  0.117059599051432E-002  0.547605643963178E+001  0.545713379903069E+001
 -0.507538429340482E-003  0.319062769900729E-001  0.114054149967417E-001  0.865021756786510E-002  0.122317786184381E-002  0.547342734606530E+001  0.535161654625095E+001
 -0.237090254892022E-001 -0.497543972972481E-002 -0.882715791811162E-002 -0.122601794389229E-001  0.815103606937630E-003  0.549383105881061E+001  0.544929429080973E+001
 -0.133385957656218E-003 -0.280262179659287E-001 -0.774141787572291E-002 -0.442873059343718E-002  0.865029890683256E-003  0.549133474462333E+001  0.534135611556032E+001
  0.275533362804969E-002  0.276016397969969E-002 -0.168088515545513E-001 -0.243794305922692E-001  0.892104495182905E-003  0.548998101439835E+001  0.538901733421313E+001
 -0.103431080688539E-001  0.335761755394617E-001 -0.716850865059615E-002  0.817315778375116E-002  0.135252747281250E-002  0.546695986551687E+001  0.546621612868105E+001
 -0.882139186367070E-002 -0.216021018987571E-001 -0.152685493054376E-001 -0.235198094823789E-001  0.133077779683670E-002  0.546804734931566E+001  0.545154054178360E+001
 -0.102212470327482E-001 -0.146668010305715E-001  0.215695373260891E-001  0.107609460544893E-001  0.900631843824018E-003  0.548955464696629E+001  0.546211266745524E+001
  0.138723170480493E-001 -0.298515416183642E-002 -0.633168752496049E-002  0.220096167750690E-001  0.725865823150665E-003  0.549829294799996E+001  0.543576497511586E+001
 -0.973291181171931E-002 -0.186482228755381E-001 -0.770611020967826E-002 -0.111856194992033E-001  0.626988006895113E-003  0.550323683881274E+001  0.543891469125072E+001
  0.127464245794964E-001  0.584154986175500E-002  0.213994127109387E-001 -0.224129857876931E-002  0.659553328040437E-003  0.550160857275547E+001  0.538826234865578E+001
  0.163097902230860E-001 -0.273429035006290E-002  0.193884557585184E-001 -0.335203513904858E-002  0.660633957112962E-003  0.550155454130184E+001  0.538863279787362E+001
 -0.131897591977143E-001 -0.878530452728921E-002  0.101523388449198E-002 -0.317155940170599E-002  0.262240812209666E-003  0.552147419854701E+001  0.545439125767595E+001
  0.151916183543532E-001  0.170529574872791E-001  0.190429255362843E-001 -0.107172797585497E-002  0.885370241121968E-003  0.549031772710139E+001  0.541839511651196E+001
 -0.145383325994678E-001  0.849420963116310E-002 -0.198781370716852E-001  0.100468513710892E-001  0.779594267944353E-003  0.549560652576027E+001  0.545039889679460E+001
 -0.242723233212456E-001  0.693989776909998E-002 -0.203281912843044E-001 -0.682243773939661E-002  0.109708887805586E-002  0.547973179525470E+001  0.513871650910417E+001
  0.185937830774905E-001 -0.172839517373037E-001 -0.195227829908231E-001  0.153556090847800E-001  0.126139754286156E-002  0.547151636201441E+001  0.541515210762356E+001
  0.280751865571187E-001 -0.218562478783425E-001 -0.451024817193069E-002  0.146562540412742E-002  0.128840206793420E-002  0.547016613576078E+001  0.545928396988909E+001
 -0.335855454473316E-001 -0.180317339912639E-002 -0.120645199102288E-001 -0.715430853754717E-002  0.132797706861682E-002  0.546818738572665E+001  0.540652224789022E+001
  0.285088134246281E-002 -0.120285290080339E-001 -0.131324638310026E-001 -0.259146057751858E-001  0.996841433281799E-003  0.548474416749340E+001  0.544776812490338E+001
  0.304789450517018E-002  0.615546248950261E-002  0.133335558213585E-001  0.271155157122367E-001  0.960214282556159E-003  0.548657552502968E+001  0.545650934672693E+001
  0.182627937311608E-003 -0.113795452406932E-001  0.377223401850824E-002 -0.239953591106491E-001  0.719534411187871E-003  0.549860951859810E+001  0.541171022929787E+001
 -0.509361401184627E-003 -0.207541648312618E-001  0.160629355963777E-001  0.737397532625517E-002  0.743388218965800E-003  0.549741682820920E+001  0.531137184188333E+001
 -0.225061648869795E-002  0.945763940428712E-002  0.229925858734494E-001  0.112153081826505E-002  0.624429054204988E-003  0.550336478644724E+001  0.545402549895102E+001
 -0.134615491552159E-001 -0.199413486092851E-001  0.547087726013706E-002 -0.185157692911604E-001  0.951634900454294E-003  0.548700449413478E+001  0.509251558036314E+001
 -0.565358748615008E-002  0.337182233654281E-001  0.437022126561248E-002 -0.584938981827698E-002  0.122219583354103E-002  0.547347644748044E+001  0.546331251446099E+001
 -0.651212079925745E-002  0.231973273388280E-001  0.175625873914131E-002 -0.165549989072181E-001  0.857676146545660E-003  0.549170243183021E+001  0.543640243016556E+001
 -0.946344612825700E-002  0.859870235057314E-002  0.857134977761986E-002 -0.147491065440373E-001  0.454498675593842E-003  0.551186130537780E+001  0.531622403049575E+001
  0.969363316349181E-002 -0.171196517437960E-001  0.145745091174767E-001  0.109544692841823E-001  0.719465713050712E-003  0.549861295350496E+001  0.535949640531267E+001
 -0.114491642151077E-001 -0.208169962322085E-001 -0.123255213170034E-001 -0.177886803458208E-001  0.103278631753798E-002  0.548294692328059E+001  0.545757359960972E+001
 -0.526125818340806E-002 -0.647948145510457E-002  0.257831676354332E-001 -0.668056247701854E-002  0.779066165925721E-003  0.549563293086121E+001  0.515851281990438E+001
  0.928604781743014E-002  0.111414008468314E-001  0.109597528706904E-001  0.314130290929342E-001  0.131725607667751E-002  0.546872343532362E+001  0.540760538392288E+001
 -0.787069282578412E-002  0.186101203670614E-001  0.155413485247431E-001 -0.244860852789297E-002  0.655813583324769E-003  0.550179555999125E+001  0.544947726989160E+001
 -0.112124526899477E-001  0.129753633450373E-001  0.127368947538107E-001  0.247489260062772E-001  0.106881697569389E-002  0.548114539037280E+001  0.546450430694253E+001
 -0.191963728165745E-002  0.179647561537459E-001  0.417627732335712E-002 -0.216162006098439E-001  0.811118892043285E-003  0.549403029455533E+001  0.543157541011951E+001
 -0.105874865065495E-001  0.101365630503802E-001  0.780987404647204E-002  0.298119261033691E-002  0.284726423002387E-003  0.552034991800737E+001  0.533540696645401E+001
 -0.849724081946490E-002  0.177857777212200E-001 -0.117094780947139E-001  0.814624039885081E-002  0.592010100579081E-003  0.550498573412854E+001  0.531407363167588E+001
  0.107810384247962E-001 -0.204405076082271E-001  0.800263328559292E-002 -0.150362249506106E-001  0.824175341067968E-003  0.549337747210409E+001  0.542301179699947E+001
 -0.173145927717899E-001 -0.250515270255718E-001  0.178410663405848E-002 -0.177625894735987E-001  0.124606675045516E-002  0.547228290163473E+001  0.544542947629524E+001
  0.259239784233170E-001 -0.452694325358116E-002  0.760285763649127E-002  0.138559625204255E-001  0.942337014121938E-003  0.548746938845140E+001  0.540885825382944E+001
 -0.478484612797647E-003  0.645127208226404E-003 -0.203979127953059E-001  0.543223398748838E-002  0.446229149139206E-003  0.551227478170053E+001  0.540604691187453E+001
  0.213152383429964E-001 -0.177179124648136E-001 -0.667958824081183E-002 -0.431074817025401E-002  0.831463256583681E-003  0.549301307632831E+001  0.546643745758727E+001
