  0.100000000000000E+001  0.146624695159478E+003  0.644586822537004E+000  0.122011705818313E+000 -0.914564630196355E+000 -0.556894231813091E+000  0.157693867637793E+001
  0.100000000000000E+001  0.820693219021274E+002  0.685407522295813E+000 -0.268035957514549E+000  0.400284508953311E+000 -0.479093424663712E+000  0.931384943804424E+000
  0.100000000000000E+001  0.274105652239007E+003  0.902416916106223E+000 -0.695753089982203E+000  0.763879234814505E+000  0.984788357515450E+000  0.285174824717322E+001
  0.100000000000000E+001  0.191865693709189E+003  0.586140983063727E+000 -0.940364451577311E+000 -0.641339605771065E-001  0.892966372915867E+000  0.202934866187504E+001
  0.100000000000000E+001  0.648193783580829E+001 -0.736115977295733E-001  0.204673693434746E+000 -0.307969429780308E+000  0.182636100915191E+000  0.175511103141233E+000
  0.100000000000000E+001  0.157477083522536E+003 -0.155066327297552E+000  0.820469664724811E+000  0.850934364544003E+000  0.513962285242225E+000  0.168546256000851E+001
  0.100000000000000E+001  0.124527958488004E+003 -0.446733553888642E+000  0.102325305481367E+000  0.735258535635247E+000  0.778026258635834E+000  0.135597130966319E+001
  0.100000000000000E+001  0.314491984067189E+002  0.190970137634518E+000  0.261604728639432E+000  0.536985495651612E+000 -0.178671930631183E+000  0.425183708850339E+000
  0.100000000000000E+001  0.540560628019841E+002 -0.707227541496169E-002 -0.669872584344841E+000  0.444356637290434E+000  0.708536192621669E-001  0.651252352802991E+000
  0.100000000000000E+001  0.157142172523083E+003  0.268988388362343E-001  0.201970039052721E+000 -0.919194406347623E+000 -0.892008771900551E+000  0.168211345001398E+001
  0.100000000000000E+001  0.196012441733453E+003 -0.220086070177391E+000  0.885430660967553E+000  0.717278652070703E+000 -0.850824390655175E+000  0.207081614211768E+001
  0.100000000000000E+001  0.216853449088093E+003  0.946088999749465E+000 -0.689855368517485E+000  0.924028238180122E+000  0.233266383755740E+000  0.227922621566408E+001
  0.100000000000000E+001  0.107935907363713E+003 -0.275987877532854E+000 -0.966592356610222E+000 -0.123463656182130E-001  0.423589746422063E+000  0.119005079842028E+001
  0.100000000000000E+001  0.134318493139874E+002 -0.317151299232084E+000 -0.102484985872375E+000  0.197643040503088E+000  0.307992414727796E+000  0.245010217923024E+000
  0.100000000000000E+001  0.484555825659048E+002 -0.255118329715785E+000 -0.289330125820242E+000  0.209631758189959E+000  0.634432654058928E+000  0.595247550442198E+000
  0.100000000000000E+001  0.146964604997012E+003  0.541075356878513E+000  0.482186273094244E+000 -0.283756729289446E+000 -0.987194889347843E+000  0.158033777475327E+001
  0.100000000000000E+001  0.168186984744260E+003  0.883588947615202E+000 -0.873402487358018E+000 -0.340719854789334E+000  0.364568538833470E+000  0.179256157222575E+001
  0.100000000000000E+001  0.183161223610071E+003 -0.607846648299290E+000 -0.806913721905333E+000  0.437801562635654E+000  0.854427557016883E+000  0.194230396088386E+001
  0.100000000000000E+001  0.122896237097057E+003 -0.782260825571111E+000  0.762823916485798E+000 -0.265072675513845E+000  0.274878601683942E+000  0.133965409575372E+001
  0.100000000000000E+001  0.104852472425439E+003 -0.216603546191225E+000  0.742086217694880E+000 -0.645534117403078E+000  0.380648264925589E+000  0.115921644903754E+001
  0.100000000000000E+001  0.117356121417921E+003  0.806094169020259E+000  0.500564459532387E+000 -0.297843634701019E+000  0.543313464544215E+000  0.128425293896236E+001
  0.100000000000000E+001  0.208856718364990E+003 -0.713321569710043E+000  0.357605117487498E+000  0.862176540755995E+000  0.905097474936390E+000  0.219925890843305E+001
  0.100000000000000E+001  0.163273743082496E+003  0.519679832045454E-001 -0.882514884199781E+000 -0.923990352896168E+000  0.328843110389163E+000  0.174342915560811E+001
  0.100000000000000E+001  0.102799132841009E+003 -0.633239129401997E-001  0.677235724124506E+000 -0.620520419401936E+000  0.539424988592470E+000  0.113868305319324E+001
  0.100000000000000E+001  0.194065558262104E+003 -0.893163541369760E+000  0.158703907149462E+000  0.994987259216082E+000  0.488282315495026E+000  0.205134730740419E+001
  0.100000000000000E+001  0.961017409453335E+002 -0.113726567071645E+000 -0.691529751059653E+000  0.463048171471920E+000 -0.605101971963792E+000  0.107170913423649E+001
  0.100000000000000E+001  0.183108001148438E+003  0.532281768688516E+000 -0.838880131656598E+000 -0.854055364697328E-001 -0.973362149480593E+000  0.194177173626753E+001
  0.100000000000000E+001  0.148155688905695E+003 -0.194074991949187E+000 -0.690942895497645E+000 -0.979689335929272E+000 -0.342622578893762E+000  0.159224861384010E+001
  0.100000000000000E+001  0.153165340251485E+003 -0.468188848390528E+000 -0.768501114158691E+000  0.299434321155017E+000  0.861910351714167E+000  0.164234512729800E+001
  0.100000000000000E+001  0.136919668074308E+003  0.235466499071760E+000  0.852313863418252E+000 -0.786221735705611E+000  0.282595813610583E+000  0.147988840552623E+001
  0.100000000000000E+001  0.157215522100955E+003 -0.944470936256042E+000  0.304685612819519E+000  0.788745843781312E+000 -0.275441949635189E+000  0.168284694579270E+001
  0.100000000000000E+001  0.112937879501347E+003  0.463212301823402E+000  0.673148268584291E+000 -0.363162640991757E+000  0.663693594911043E+000  0.124007051979662E+001
  0.100000000000000E+001  0.577240311373600E+002 -0.143168127927736E+000 -0.512160149373885E+000 -0.179623262386910E+000 -0.610624588683768E+000  0.687932036156750E+000
  0.100000000000000E+001  0.114099336235934E+003  0.761756654955191E+000 -0.786517626743205E+000  0.218915433597110E+000 -0.698422617703491E-001  0.125168508714249E+001
  0.100000000000000E+001  0.953530753478479E+002 -0.589517057152018E+000 -0.561962106518553E+000 -0.576177675291162E+000  0.262507133087382E+000  0.106422247826163E+001
  0.100000000000000E+001  0.707375501584251E+002  0.732503487661452E+000  0.499371386024154E+000  0.121966527461515E+000  0.131370666172113E+000  0.818067226367401E+000
  0.100000000000000E+001  0.193271287563354E+003  0.305066620704518E+000  0.698329297571912E+000  0.766731086565713E+000 -0.935306682535254E+000  0.204340460041669E+001
  0.100000000000000E+001  0.141432253233874E+003  0.605008446223646E+000  0.799075763524939E+000 -0.611132394963231E+000 -0.383372087003580E+000  0.152501425712189E+001
  0.100000000000000E+001  0.492049708630079E+002  0.741391172983069E+000  0.615314786366250E-002 -0.271123572635039E-001 -0.228708593828483E+000  0.602741433413229E+000
  0.100000000000000E+001  0.240396016675690E+003 -0.940870799681253E+000 -0.726760966461372E+000  0.941825811146876E+000  0.462813859918728E+000  0.251465189154005E+001
  0.100000000000000E+001  0.142932252444347E+003 -0.539709947162015E+000  0.873689681802314E+000  0.379904067346102E+000  0.584009128085391E+000  0.154001424922662E+001
  0.100000000000000E+001  0.845651856301071E+001 -0.119616496633155E+000 -0.401713752230940E+000  0.262463164435638E-001  0.137426330403424E+000  0.195256910413257E+000
  0.100000000000000E+001  0.157120254068469E+003  0.798529691840971E+000  0.401309601667539E+000 -0.905823710100587E+000  0.250356958252123E+000  0.168189426546784E+001
  0.100000000000000E+001  0.234666345880172E+003  0.977588687180319E+000  0.952558126010556E+000  0.635428484613963E+000 -0.436507960745723E+000  0.245735518358487E+001
  0.100000000000000E+001  0.214046608232852E+003  0.314976832799144E+000  0.848048524936460E+000 -0.899903912941706E+000  0.789261711181275E+000  0.225115780711167E+001
  0.100000000000000E+001  0.191033099127469E+003  0.664542579036401E+000  0.940353540459783E+000  0.339663757287857E+000 -0.761426048697662E+000  0.202102271605784E+001
  0.100000000000000E+001  0.875009428135668E+002 -0.291620202534202E+000  0.370811617437454E+000  0.871583845033536E+000 -0.591536629694622E-001  0.985701152918818E+000
  0.100000000000000E+001  0.254504165622935E+002 -0.418347895568165E-001  0.288368411732354E+000  0.142162336796692E+000 -0.509979675967862E+000  0.365195890406085E+000
  0.100000000000000E+001  0.127228695186459E+003 -0.274610675409781E+000  0.106344821300757E+000 -0.753257230709609E+000  0.853734137167376E+000  0.138297867664774E+001
  0.100000000000000E+001  0.996207551230090E+002 -0.446125143566241E+000 -0.381478761095822E+000 -0.643596739342205E+000 -0.590024426809704E+000  0.110689927601324E+001
  0.100000000000000E+001  0.523635763177332E+002 -0.360616309109708E+000 -0.483411042549597E-001 -0.137095238582658E+000  0.695090928412930E+000  0.634327487960482E+000
  0.100000000000000E+001  0.611325637338788E+002 -0.145498903130400E+000  0.564039143038084E-001 -0.781401827665993E-001 -0.831600950936325E+000  0.722017362121938E+000
  0.100000000000000E+001  0.106370219504818E+003  0.251722740663560E+000  0.521256359371118E+000  0.580474824615287E-001 -0.914304040929054E+000  0.117439391983133E+001
  0.100000000000000E+001  0.134808928804102E+003  0.229683952845615E+000  0.804512910509190E+000  0.702224676204804E+000  0.515427759809725E+000  0.145878101282417E+001
  0.100000000000000E+001  0.563657646468268E+002 -0.653265571522242E+000 -0.242404266170535E+000 -0.165232626520914E+000  0.401910207870440E+000  0.674349371251418E+000
  0.100000000000000E+001  0.173809470799908E+003  0.990449651284457E+000  0.918808468366114E+000  0.465328236144869E-003  0.153579630749248E+000  0.184878643278223E+001
  0.100000000000000E+001  0.172374250725237E+003  0.976731560528964E+000  0.289889502676412E+000  0.608030718968450E+000 -0.653216971404532E+000  0.183443423203552E+001
  0.100000000000000E+001  0.203922468709177E+003 -0.504000119214356E-001  0.814323803471222E+000 -0.991463558374044E+000  0.707992235967089E+000  0.214991641187492E+001
  0.100000000000000E+001  0.190605632396041E+003  0.982462715893148E+000  0.590303804953563E+000 -0.757944241443725E+000 -0.358576359152500E+000  0.201674804874356E+001
  0.100000000000000E+001  0.122411682383414E+003  0.503757564350972E+000  0.680538274490023E+000 -0.786015991492616E+000  0.913143189705501E-002  0.133480854861729E+001
  0.100000000000000E+001  0.858381905635628E+002 -0.362957708073162E-001 -0.110829723548547E+000  0.950252687730836E+000  0.229113180063382E+000  0.969073630418778E+000
  0.100000000000000E+001  0.809232221831665E+002 -0.568795429634620E+000  0.564008188196073E+000  0.249906580934246E+000 -0.464582791647648E+000  0.919923946614815E+000
  0.100000000000000E+001  0.135148725847441E+003 -0.249012042221663E+000  0.920861052320940E+000  0.735852967687706E+000  0.103476172859846E+000  0.146217898325756E+001
  0.100000000000000E+001  0.112030520008461E+003  0.856170436741472E+000  0.156516389178938E-001  0.544478488176005E+000 -0.448628253936856E+000  0.123099692486776E+001
  0.100000000000000E+001  0.996113159671852E+002  0.210126629407584E+000  0.911354553599462E+000  0.208930324957146E+000 -0.434088333194565E+000  0.110680488445500E+001
  0.100000000000000E+001  0.904823151049973E+002 -0.971924510143387E-001  0.866972309215923E+000 -0.136448967740911E+000  0.485601892041412E+000  0.101551487583312E+001
  0.100000000000000E+001  0.754591750069341E+002  0.367612090871853E+000 -0.468568043231626E+000 -0.714464289009759E+000  0.113839399673330E-001  0.865283474852491E+000
  0.100000000000000E+001  0.714978618420655E+002  0.778328010556256E+000  0.175850708100067E+000  0.645602927161768E-001  0.429865500188665E+000  0.825670343203805E+000
  0.100000000000000E+001  0.188697020434752E+003  0.844348466895103E+000 -0.481489137817690E+000  0.833995907643522E+000  0.597793134604266E+000  0.199766192913067E+001
  0.100000000000000E+001  0.172221564973282E+003  0.408239965054316E-001  0.701313456500543E+000  0.896613310960215E+000 -0.731768257145330E+000  0.183290737451597E+001
  0.100000000000000E+001  0.866963845295996E+002 -0.749888192811319E+000 -0.389983903873836E-002  0.441169152086022E+000 -0.469763598913850E+000  0.977655570079146E+000
  0.100000000000000E+001  0.451079562368066E+002 -0.468696936314911E+000 -0.447438585057676E+000 -0.234822913494459E+000  0.294535873773960E+000  0.561771287151216E+000
  0.100000000000000E+001  0.107494505014305E+003  0.485878633929403E+000 -0.955635324041174E+000  0.188137433865797E+000  0.304000236877220E-001  0.118563677492620E+001
  0.100000000000000E+001  0.304889783459951E+002  0.196575324859337E+000  0.279654790431849E+000  0.188215892498544E+000  0.513135095173817E+000  0.415581508243101E+000
  0.100000000000000E+001  0.528203582201872E+002 -0.467327270675165E+000 -0.112936636125837E+000 -0.262752743947513E+000  0.581985258264293E+000  0.638895306985022E+000
  0.100000000000000E+001  0.803199610575483E+002 -0.172798429936024E+000  0.919292548344303E+000 -0.175708831374341E+000  0.897755819027557E-001  0.913891335358633E+000
  0.100000000000000E+001  0.173837723416882E+003  0.890390666942620E+000 -0.804836921663939E+000 -0.241189902381859E+000 -0.591893892255185E+000  0.184906895895197E+001
  0.100000000000000E+001  0.493908249446133E+002  0.642587689979045E+000 -0.356695867141812E+000 -0.100034244845269E+000 -0.233328616202268E+000  0.604599974229283E+000
  0.100000000000000E+001  0.948132263330178E+002  0.792250400585590E-001 -0.283070017774136E+000 -0.712427273542851E+000 -0.681810916670228E+000  0.105882398811333E+001
  0.100000000000000E+001  0.537909826072909E+002 -0.969973314649675E-001 -0.270199387249184E-001 -0.213823567805699E+000  0.769897703144306E+000  0.648601550856059E+000
  0.100000000000000E+001  0.173929705967545E+003 -0.523938639749620E+000  0.331892092623292E+000  0.997368709836669E+000  0.685988616325947E+000  0.184998878445860E+001
  0.100000000000000E+001  0.158055647633666E+003 -0.615937307195207E+000  0.407530179700937E+000  0.894806933352888E+000  0.587459904488337E+000  0.169124820111981E+001
  0.100000000000000E+001  0.419649110377189E+002  0.483899379061436E+000 -0.125731923391777E+000 -0.162397272961297E+000 -0.503984955409617E+000  0.530340835160339E+000
  0.100000000000000E+001  0.181298185599597E+003  0.918540776978744E+000  0.982218967778590E+000 -0.195241506131353E+000 -0.277638389683290E+000  0.192367358077912E+001
  0.100000000000000E+001  0.889245059793240E+002  0.463994305528561E+000 -0.405620180203473E+000 -0.620434991219077E-001 -0.785027988444915E+000  0.999936784576390E+000
  0.100000000000000E+001  0.129638570541902E+003  0.811016221959240E+000  0.297918761754112E+000  0.624831954128702E+000 -0.519768754751319E+000  0.140707743020217E+001
  0.100000000000000E+001  0.182219163883056E+003 -0.776955135859454E+000  0.822513690497662E+000 -0.622627846668933E+000 -0.514810522397952E+000  0.193288336361371E+001
  0.100000000000000E+001  0.861903872176863E+002  0.217859335759556E-001  0.563271969433025E+000 -0.683256203914926E+000  0.433597299716041E+000  0.972595596960013E+000
  0.100000000000000E+001  0.961206580614876E+002 -0.331858368870019E+000  0.367643936014946E+000 -0.820871928598738E+000 -0.390865119394126E+000  0.107189830539803E+001
  0.100000000000000E+001  0.189740205229264E+003 -0.839491783275099E+000 -0.774755212673228E+000  0.588786576170000E-001 -0.836441861101096E+000  0.200809377707579E+001
  0.100000000000000E+001  0.108348310329333E+003 -0.321942833259669E+000 -0.320929512499401E+000 -0.958097880580486E+000  0.263780854921829E+000  0.119417482807648E+001
  0.100000000000000E+001  0.153269555726550E+003  0.500786970454853E+000  0.781476577997515E+000  0.322919603183833E+000 -0.823174938996684E+000  0.164338728204865E+001
  0.100000000000000E+001  0.715978465821217E+002  0.133182492712228E+000 -0.210922711180329E+000 -0.689588718352285E+000 -0.537504998738538E+000  0.826670190604367E+000
  0.100000000000000E+001  0.205671171042299E+003  0.115882497714264E-001  0.615590687966894E+000 -0.985650781613698E+000  0.903775297995097E+000  0.216740343520614E+001
  0.100000000000000E+001  0.150230700858607E+003 -0.182061049186671E+000 -0.743570832566823E+000  0.272030038554556E+000 -0.976193926849659E+000  0.161299873336922E+001
  0.100000000000000E+001  0.958896380326961E+002  0.757097558347208E+000 -0.124493817529017E+000  0.327222249938364E-001  0.692691805670683E+000  0.106958810511011E+001
  0.100000000000000E+001  0.529436649896893E+002  0.740153019541332E-001 -0.624856458965328E-002  0.456563870492799E+000 -0.652809694595511E+000  0.640128374680042E+000
  0.100000000000000E+001  0.156117549016092E+003 -0.554035335782640E+000  0.782340854147423E+000  0.867520425065875E+000 -0.162222585877796E-001  0.167186721494407E+001
  0.100000000000000E+001  0.115404996242954E+003  0.293988960228051E-001  0.966709280288534E+000  0.281492601863472E+000  0.500112461977792E+000  0.126474168721269E+001
  0.100000000000000E+001  0.958006659493760E+002  0.111639526653445E+000  0.524158830495280E-002  0.872745757056208E+000  0.542699152070401E+000  0.106869838427691E+001
  0.100000000000000E+001  0.174690542862228E+003  0.268404051763436E+000  0.900469526898183E+000 -0.776815693944421E+000 -0.609318001680413E+000  0.185759715340543E+001
  0.100000000000000E+001  0.686663603701401E+002 -0.577156864334191E+000 -0.318333806659795E+000  0.251042312008673E+000  0.547619053316536E+000  0.797355328484550E+000
  0.100000000000000E+001  0.202055453842984E+003  0.787001472963528E+000  0.562199251264087E+000 -0.550268107989669E+000 -0.944993098373634E+000  0.213124626321299E+001
  0.100000000000000E+001  0.719006634044012E+002 -0.810885431105319E-001 -0.122617009645163E+000 -0.827499423297897E+000 -0.351187671182659E+000  0.829698358827162E+000
  0.100000000000000E+001  0.143535800872889E+003 -0.791654408461274E+000 -0.756926898837618E+000  0.273980172386638E+000 -0.520893046633302E+000  0.154604973351204E+001
  0.100000000000000E+001  0.187131766411936E+003  0.832788645283036E+000  0.460971572147935E+000 -0.924445292136643E+000  0.470508844452491E+000  0.198200938890251E+001
  0.100000000000000E+001  0.130522008778416E+003  0.672919671864854E+000 -0.771926370246685E+000  0.192173221685647E+000 -0.574708673650700E+000  0.141591181256731E+001
  0.100000000000000E+001  0.742308185170814E+002 -0.353346398942146E+000  0.723442197230938E+000  0.269506168987732E+000 -0.363516223093014E+000  0.852999909953964E+000
  0.100000000000000E+001  0.237377146641448E+003  0.939529241519808E+000  0.744062699576033E+000  0.705848827840977E+000  0.741549814147364E+000  0.248446319119763E+001
  0.100000000000000E+001  0.986848641016089E+002  0.307730587397161E+000 -0.963406058605191E+000  0.252181920574914E+000 -0.105334213612655E+000  0.109754036579924E+001
  0.100000000000000E+001  0.317677184801850E+002 -0.344609472816081E+000  0.510004037162657E+000  0.598094753220770E-001 -0.214317357136354E+000  0.428368909585000E+000
  0.100000000000000E+001  0.112053182775335E+003  0.420230450849193E+000  0.920694847317967E+000 -0.228893339710908E+000 -0.393139616260832E+000  0.123122355253650E+001
  0.100000000000000E+001  0.994207151027009E+002 -0.581813449464662E+000  0.711679130254506E+000  0.346813401292082E+000  0.373664643867463E+000  0.110489887581016E+001
  0.100000000000000E+001  0.380651093833567E+002 -0.220711635902320E-001 -0.262475136865612E+000  0.398145968074077E+000 -0.513266278834120E+000  0.491342818616717E+000
  0.100000000000000E+001  0.113362039268885E+003 -0.774040093119818E+000 -0.289759842061641E+000  0.506863722389760E+000  0.551636159591330E+000  0.124431211747200E+001
  0.100000000000000E+001  0.326379180098450E+002  0.537889075720970E+000  0.250069919284247E+000  0.279199758311533E+000 -0.851984596667814E-001  0.437070904881600E+000
  0.100000000000000E+001  0.251692909725699E+002  0.517258546573074E+000 -0.319889058386660E-001 -0.303050015883443E+000  0.443354066435651E-001  0.362384634508849E+000
  0.100000000000000E+001  0.871017124772848E+002 -0.198794013687088E+000 -0.437347447321835E+000 -0.333726376961724E+000  0.799714764975146E+000  0.981708849555998E+000
  0.100000000000000E+001  0.712734511026829E+002  0.380481043063171E+000 -0.246466359119331E+000 -0.705096037528245E+000  0.347497227850769E+000  0.823426235809979E+000
  0.100000000000000E+001  0.224914245672603E+003 -0.986524719538668E+000 -0.575817823016189E+000  0.907873990827899E+000  0.480418370509972E+000  0.235983418150918E+001
  0.100000000000000E+001  0.222395467999522E+003  0.972243767030416E+000 -0.744175569677889E+000 -0.913951057581834E+000 -0.168715170779681E-001  0.233464640477837E+001
  0.100000000000000E+001  0.223388645891075E+001  0.110013331464501E+000 -0.632625602649635E-001  0.334875412674240E+000 -0.691661964207853E-001  0.133030589372257E+000
  0.100000000000000E+001  0.185365571862887E+003  0.491149363298632E+000 -0.921082624580256E+000 -0.896723809829681E+000  0.265730980362211E+000  0.196434744341202E+001
  0.100000000000000E+001  0.225455706677856E+003  0.888102925173846E+000 -0.329438748650365E+000  0.992591686482136E+000  0.694804893962036E+000  0.236524879156171E+001
  0.100000000000000E+001  0.113057875706241E+003  0.474463449884142E+000  0.386476973496891E+000 -0.361321828033649E+000  0.858042540969099E+000  0.124127048184556E+001
  0.100000000000000E+001  0.750941821033172E+002 -0.302935188572135E-001 -0.348052131844413E+000  0.523091451791273E+000  0.682605958890652E+000  0.861633545816322E+000
  0.100000000000000E+001  0.793788084760200E+002 -0.839000297661427E+000  0.131335404169222E+000 -0.423710451544582E+000 -0.614717409138499E-001  0.904479809543349E+000
  0.100000000000000E+001  0.147003307173560E+003  0.430262968091980E+000  0.410114032958935E+000  0.620163751149257E+000  0.918042469898898E+000  0.158072479651875E+001
  0.100000000000000E+001  0.875268711647329E+002 -0.814019082600602E+000  0.137744608647712E+000 -0.417494457856048E+000 -0.360635785856764E+000  0.985960436430479E+000
  0.100000000000000E+001  0.811302979851526E+002 -0.171477533579791E+000 -0.863806378289092E+000 -0.293298256827370E+000  0.245773947930156E+000  0.921994704634675E+000
  0.100000000000000E+001  0.110649672974993E+003  0.735114115759325E+000  0.132276446836996E+000  0.530639376498389E+000  0.614589688382460E+000  0.121718845453308E+001
  0.100000000000000E+001  0.244355849853212E+002 -0.308619526769672E+000 -0.229424558042019E+000  0.156063418893265E+000 -0.427563029018407E+000  0.355047574636362E+000
  0.100000000000000E+001  0.802541724764759E+002  0.137109572474640E+000 -0.899834155335957E+000 -0.208302826580554E+000  0.203329387972094E+000  0.913233449547909E+000
  0.100000000000000E+001  0.106207734067510E+003  0.363936599804602E+000 -0.448948579247113E+000  0.842115630481172E+000 -0.360007853903511E+000  0.117276906545825E+001
  0.100000000000000E+001  0.131710135042884E+003  0.728775200263863E+000  0.534529725726391E+000 -0.771046210381707E+000  0.128239995567835E+000  0.142779307521199E+001
  0.100000000000000E+001  0.788622253015407E+002  0.412992131450167E-001 -0.121501389404033E-002 -0.935484754957581E+000  0.149917143033583E+000  0.899313977798557E+000
  0.100000000000000E+001  0.659898395645126E+002 -0.412227526058680E+000  0.968782661508900E-001 -0.682452001973652E+000 -0.354305593714759E+000  0.770590120428276E+000
  0.100000000000000E+001  0.945118017383689E+002  0.586606673500497E+000 -0.215571340787374E+000  0.792722640468130E+000  0.191891024000318E+000  0.105580974216684E+001
  0.100000000000000E+001  0.103345521900012E+003  0.487587552546604E+000 -0.436620591068353E+000 -0.639728489518228E+000 -0.553638186488909E+000  0.114414694378327E+001
  0.100000000000000E+001  0.102512097182849E+003 -0.667897842823271E-001 -0.937056507188325E+000 -0.255411803453267E+000  0.433637791618684E+000  0.113581269661164E+001
  0.100000000000000E+001  0.137365710811926E+003 -0.183369728065155E+000  0.678429819740843E+000 -0.713244791714826E+000 -0.694074363818322E+000  0.148434883290241E+001
  0.100000000000000E+001  0.167752581672382E+003  0.380384821553744E+000  0.810952392358303E+000 -0.416446011285802E+000 -0.901362227992160E+000  0.178821754150697E+001
  0.100000000000000E+001  0.630036767535553E+002 -0.611540037006086E+000  0.578258685076662E+000  0.103378322319957E+000 -0.147231420101208E+000  0.740728492318703E+000
  0.100000000000000E+001  0.172678655271143E+003  0.161606654400969E+000  0.566872547101127E+000  0.730069805710846E+000  0.978271516952380E+000  0.183747827749458E+001
  0.100000000000000E+001  0.107327748855037E+003  0.395061085782858E+000 -0.528101960596248E-001  0.927694266607041E+000  0.405574139622036E+000  0.118396921333352E+001
  0.100000000000000E+001  0.225065578415678E+003 -0.873708676641638E+000  0.783593914263445E+000  0.984864863897524E+000  0.118331883659714E+000  0.236134750893993E+001
  0.100000000000000E+001  0.280425416659653E+003 -0.935074828689525E+000  0.905939069435655E+000  0.470208245115448E+000  0.999379589958914E+000  0.291494589137968E+001
  0.100000000000000E+001  0.146461267432441E+003 -0.593274519213323E+000 -0.613037732540754E+000 -0.575851313006952E+000 -0.718268576334243E+000  0.157530439910756E+001
  0.100000000000000E+001  0.206742535331511E+002  0.352076668643027E+000  0.823780337264701E-001  0.258826207000881E+000  0.345975625790007E+000  0.317434260114661E+000
  0.100000000000000E+001  0.175410570863671E+003  0.729483369343984E-001  0.820542533712376E+000  0.798469991189308E+000  0.740696697101713E+000  0.186479743341986E+001
  0.100000000000000E+001  0.958164947815317E+002 -0.532351058037348E+000  0.904933560205898E-001 -0.627186700374655E+000 -0.619602145730844E+000  0.106885667259847E+001
  0.100000000000000E+001  0.695983089079264E+002 -0.494228338967374E+000  0.524457785576232E+000  0.413822142364463E+000  0.340746868600908E+000  0.806674813862414E+000
  0.100000000000000E+001  0.687850601297735E+002  0.234153076062344E+000 -0.860286707597236E+000 -0.492317014170756E-001  0.346075621579298E-001  0.798542326080884E+000
  0.100000000000000E+001  0.177622253417682E+003 -0.857368800888599E+000 -0.972298361477462E+000  0.406590119060664E+000  0.202862932970257E+000  0.188691425895997E+001
  0.100000000000000E+001  0.127501165649714E+003 -0.256923088348245E+000 -0.988115234299103E+000 -0.560942291397780E+000  0.169310181091774E+000  0.138570338128029E+001
  0.100000000000000E+001  0.113680812811074E+003 -0.485428294837599E+000 -0.406684891295005E+000 -0.881158051744471E+000  0.264626360182067E+000  0.124749985289389E+001
  0.100000000000000E+001  0.197129707550165E+003  0.252617004633634E+000 -0.483353248609478E+000  0.897361168015441E+000 -0.989588813826915E+000  0.208198880028480E+001
  0.100000000000000E+001  0.100173541448287E+003  0.400611426441708E+000 -0.488365510031221E+000 -0.145436690598428E+000 -0.832036610919304E+000  0.111242713926602E+001
  0.100000000000000E+001  0.682811317729241E+001 -0.374649224002354E+000  0.127061816685536E+000 -0.354788728353290E-001 -0.145627469364175E+000  0.178972856556074E+000
  0.100000000000000E+001  0.118067009150405E+003 -0.734481299629883E+000  0.539907995166782E+000 -0.623383115045839E+000  0.267940078024786E+000  0.129136181628720E+001
  0.100000000000000E+001  0.111898511621667E+003  0.643558983534448E+000  0.785822232286489E+000 -0.222795533492538E+000  0.385167814351073E+000  0.122967684099982E+001
  0.100000000000000E+001  0.973246444889343E+002  0.767867984717661E-001  0.407356102871311E+000  0.794110189773054E+000 -0.530558167598099E+000  0.108393816967249E+001
  0.100000000000000E+001  0.583235011406802E+002 -0.362775882970514E+000 -0.141600350004790E+000 -0.433207062637556E+000 -0.595484153176537E+000  0.693926736189952E+000
  0.100000000000000E+001  0.182521398848486E+003 -0.187217138318561E-001  0.941518610536060E+000  0.488087857414168E+000  0.900482182032664E+000  0.193590571326801E+001
  0.100000000000000E+001  0.756523267303488E+002 -0.190552441475172E+000  0.626057181617946E+000  0.554318734812388E+000  0.362888281314067E+000  0.867214992086638E+000
  0.100000000000000E+001  0.163467330518167E+003 -0.668738941016358E+000  0.736256458503383E+000 -0.140328716457810E+000  0.858130256652508E+000  0.174536502996482E+001
  0.100000000000000E+001  0.860840418567675E+002  0.835292385821627E+000 -0.370184679588363E+000 -0.369352939590188E+000 -0.189863781008142E-001  0.971532143350825E+000
  0.100000000000000E+001  0.136751655254873E+003 -0.182681459066534E-001 -0.655320254486427E+000 -0.719316113706086E+000  0.728707242175916E+000  0.147820827733188E+001
  0.100000000000000E+001  0.311676843910727E+003 -0.905635759533362E+000 -0.843308468469793E+000 -0.838888014830091E+000 -0.996183597800332E+000  0.322746016389042E+001
  0.100000000000000E+001  0.191922502736159E+003  0.838774551807578E+000 -0.954412405580265E+000  0.125730824392640E+000 -0.632188835125059E+000  0.202991675214474E+001
  0.100000000000000E+001  0.125386079744102E+003  0.625601246984367E+000 -0.314392668040304E+000 -0.149916992293675E-001 -0.934937485200210E+000  0.136455252222417E+001
  0.100000000000000E+001  0.657757289201572E+002  0.442702755977385E+000 -0.470453356819479E+000 -0.590740630608251E+000 -0.465019380305893E-001  0.768449013984722E+000
  0.100000000000000E+001  0.124278897056618E+003  0.762491281967044E+000 -0.179506375339614E+000 -0.715904940449764E+000  0.476807422053851E+000  0.135348069534933E+001
  0.100000000000000E+001  0.169638093080901E+003 -0.926870162059585E+000  0.213654814358239E+000 -0.750612826662321E+000  0.582165236876390E+000  0.180707265559216E+001
  0.100000000000000E+001  0.616911485243294E+002  0.167982272582341E+000 -0.622032302797904E+000  0.558879610602493E+000  0.107033290736762E-001  0.727603210026444E+000
  0.100000000000000E+001  0.703657247297043E+002  0.548869082622084E+000  0.614867098957982E+000 -0.317916999138320E+000 -0.184279501029456E+000  0.814348972080193E+000
  0.100000000000000E+001  0.124118687790818E+003 -0.646307842749717E+000 -0.286352331478800E+000  0.317006632886432E+000 -0.866991298718853E+000  0.135187860269133E+001
  0.100000000000000E+001  0.125353241668604E+003  0.197735372827219E+000 -0.117967286516153E+000 -0.703952157882563E+000  0.903138938661474E+000  0.136422414146919E+001
  0.100000000000000E+001  0.205715262562821E+003  0.545240234568559E+000  0.954723666340945E+000  0.496221009062653E+000 -0.844289564137996E+000  0.216784435041136E+001
  0.100000000000000E+001  0.521584779017835E+002 -0.548704622946028E+000 -0.288113489083478E+000 -0.848340420203926E-001  0.490910932126459E+000  0.632276503800985E+000
  0.100000000000000E+001  0.173713029464460E+003  0.942748254156062E+000 -0.249650183630242E+000 -0.925313868334583E+000 -0.201287802895564E+000  0.184782201942775E+001
  0.100000000000000E+001  0.586132517753087E+002  0.450067026039903E+000 -0.291280411131442E+000  0.635496945089935E+000 -0.745873278800888E-001  0.696824242536237E+000
  0.100000000000000E+001  0.114482967027776E+003 -0.310509895302999E+000  0.811223629978630E+000 -0.332547869894991E+000  0.624846490245745E+000  0.125552139506091E+001
  0.100000000000000E+001  0.172937439033266E+003 -0.769403436928814E+000  0.342322667208902E+000  0.544915479024657E+000 -0.913217815524997E+000  0.184006611511581E+001
  0.100000000000000E+001  0.404873135154157E+002 -0.610355693996447E-001  0.297121779612547E+000 -0.167768549542905E+000 -0.628817844108698E+000  0.515564859937307E+000
  0.100000000000000E+001  0.180839231027335E+003  0.900106388456488E+000  0.456131585707753E+000  0.490528272562295E+000 -0.812538315929225E+000  0.191908403505650E+001
  0.100000000000000E+001  0.105796072962009E+003  0.226093057012924E-001 -0.431950971449736E+000 -0.447645420774539E+000 -0.883840035991900E+000  0.116865245440324E+001
  0.100000000000000E+001  0.158988647302319E+003  0.731762015440471E+000 -0.955001179431396E+000  0.117183533790466E+000 -0.489227265448135E+000  0.170057819780634E+001
  0.100000000000000E+001  0.986602146094105E+002  0.574275704243275E+000  0.941262777829870E-001  0.202278651040429E+000  0.847186447930519E+000  0.109729387087725E+001
  0.100000000000000E+001  0.134224396293651E+003  0.581513430094574E+000 -0.794016684099801E+000  0.263873526414423E+000 -0.643961245548270E+000  0.145293568771966E+001
  0.100000000000000E+001  0.717520259642433E+002 -0.567883006307640E+000  0.655069250201647E+000 -0.107822511233290E+000  0.254910688446324E+000  0.828211984425583E+000
  0.100000000000000E+001  0.568725631817986E+002 -0.606077932740407E+000  0.232437313955321E+000 -0.500912511927930E+000 -0.845366578564433E-001  0.679417356601136E+000
  0.100000000000000E+001  0.137734219235399E+002 -0.401808890372080E+000 -0.356714420142565E-001 -0.228703720915565E+000  0.182750419699943E+000  0.248425944018549E+000
  0.100000000000000E+001  0.754326987980690E+002 -0.435982296262710E+000 -0.576469113310348E+000 -0.536624673211175E+000 -0.233785097064622E+000  0.865018712763840E+000
  0.100000000000000E+001  0.372788113681223E+002 -0.553921541893224E+000 -0.389024550766634E+000 -0.460328831293144E-001 -0.152288004986039E+000  0.483479838464373E+000
  0.100000000000000E+001  0.869312160781633E+002 -0.919878784868395E+000  0.148601073038228E+000 -0.182042201837486E+000  0.280366304244778E+000  0.980003885564783E+000
  0.100000000000000E+001  0.183766073979357E+003 -0.156150876315073E+000 -0.856815815731241E+000 -0.879522581447905E+000 -0.645194586957127E+000  0.194835246457672E+001
  0.100000000000000E+001  0.217515681031813E+003 -0.971111109757282E+000  0.543829797178208E+000  0.997784742722484E+000  0.226862307355366E+000  0.228584853510128E+001
  0.100000000000000E+001  0.202763161776021E+003 -0.936132622460646E+000  0.754690741244093E+000  0.307357990682168E+000 -0.773273565016014E+000  0.213832334254336E+001
  0.100000000000000E+001  0.418681447656462E+002  0.544116152131751E+000  0.367081027928715E+000 -0.311835419520800E+000  0.363452265921453E-001  0.529373172439612E+000
