  0.100000000000000E+001  0.189995277913249E+004 -0.615109571322337E+001  0.762773895535159E+001  0.584703945829164E+000
  0.100000000000000E+001  0.989335599476299E+003  0.138586808225871E+001  0.960763280263574E+001  0.778332096983572E+000
  0.100000000000000E+001  0.195634991035740E+004 -0.394615268430772E+001  0.996191107286811E+001  0.388092114540443E+001
  0.100000000000000E+001  0.146813777479957E+003  0.504084866630059E+001  0.557151713985769E+001  0.225180920673879E+001
  0.100000000000000E+001  0.837758786045079E+002  0.661710538666238E+001  0.562527030017918E+001  0.757568098680153E+001
  0.100000000000000E+001  0.183552144152308E+004  0.641788916653814E+001 -0.440609719561186E+001 -0.603763739615286E+001
  0.100000000000000E+001  0.876858204218530E+003 -0.772088071502977E+000  0.639599286802280E+001 -0.239326969888087E+001
  0.100000000000000E+001  0.944469229571169E+003  0.648545686944469E+001  0.120065271136861E+001 -0.320472375481009E+001
  0.100000000000000E+001  0.745930325231287E+003 -0.364778126033434E+001 -0.338906273685790E+001  0.394940111807746E+001
  0.100000000000000E+001  0.242633193758642E+004 -0.737572088417771E+001 -0.106393311046662E+001  0.811106713365945E+001
  0.100000000000000E+001  0.263848103817744E+004  0.609877675383549E+001 -0.787353045526068E+001  0.627144450397015E+001
  0.100000000000000E+001  0.993971066394285E+003 -0.991162272839863E+001 -0.501319811215051E+001 -0.753823533402587E-001
  0.100000000000000E+001  0.223830167090081E+004  0.480397127964307E+001  0.869654230828971E+001 -0.573753773256777E+001
  0.100000000000000E+001  0.105234793652955E+004  0.111171508804656E+001 -0.533657132505484E+001 -0.891018217430508E+001
  0.100000000000000E+001  0.124718134547536E+004  0.762262094178815E+001 -0.166598366980245E+001  0.818053221604441E+001
  0.100000000000000E+001  0.306472532444360E+003  0.462730316256767E+001  0.953049946158782E+001  0.587429770751955E+001
  0.100000000000000E+001  0.265473135243168E+003  0.371069050524606E+000  0.639870728040335E+000 -0.393732800936403E+001
  0.100000000000000E+001  0.133670937007732E+004 -0.776661734580025E+001  0.362399297628910E+001 -0.361435189708558E+001
  0.100000000000000E+001  0.246706472954539E+004  0.218313252285673E+001  0.769502058824115E+001 -0.779523752860572E+001
  0.100000000000000E+001  0.170047456235350E+004 -0.268631532864639E+001  0.947207161626542E+000  0.994750968284630E+001
  0.100000000000000E+001  0.598284800884683E+003 -0.257196160283293E+000 -0.728141832340789E+001 -0.108960690583958E+001
  0.100000000000000E+001  0.124967785134736E+004 -0.882066990996199E+001  0.170965643606968E+001 -0.388304867822458E+000
  0.100000000000000E+001  0.154486469355846E+004  0.707840472672375E+001  0.788695858169500E+001 -0.320082789316718E+001
  0.100000000000000E+001  0.327511097308947E+004 -0.557402820635344E+001  0.830501227335362E+001 -0.867512004967774E+001
  0.100000000000000E+001  0.261556406140402E+003 -0.395711627167747E+001  0.335509573175192E+000 -0.409964396875065E+001
  0.100000000000000E+001  0.171123923201004E+004  0.722094343546495E+001 -0.583795227098651E+001  0.127208812946002E+001
  0.100000000000000E+001  0.102093101707780E+004 -0.441318213935024E+001 -0.888659817135361E+001  0.111133057139968E+001
  0.100000000000000E+001  0.207809942232533E+004 -0.538989747333488E+001  0.365528977791223E+001  0.882898413921075E+001
  0.100000000000000E+001  0.452665778628725E+003 -0.465123506934018E-001 -0.666673083833304E+001 -0.286150634860461E+001
  0.100000000000000E+001  0.216592996345415E+003  0.566826285563010E+001  0.195308900825132E+001  0.154706891366011E+001
  0.100000000000000E+001  0.424948016163217E+003 -0.212430802330302E+001  0.311602753580012E+001  0.381728731788626E+001
  0.100000000000000E+001  0.283068537918302E+003 -0.920828090327417E+001 -0.436446596352283E+001 -0.639756732868767E+001
  0.100000000000000E+001  0.276327693939624E+004  0.999656308394252E+000  0.830153992358090E+001 -0.828016517533359E+001
  0.100000000000000E+001  0.212165416860401E+004  0.858872442512835E+001 -0.429980844615019E+000 -0.582164719311254E+001
  0.100000000000000E+001  0.308509614185570E+004  0.979356584773964E+001  0.480976749326748E+001 -0.726698210422443E+001
  0.100000000000000E+001  0.383910290091524E+004  0.997355790307244E+001 -0.880561192965992E+001 -0.424450404289757E+001
  0.100000000000000E+001  0.147450809985329E+004 -0.717883998895351E+001  0.258698568553991E+001 -0.842414816893689E+001
  0.100000000000000E+001  0.265359529811267E+004  0.982995979822210E+001  0.304226472060744E+001 -0.637235441789828E+001
  0.100000000000000E+001  0.625832140985678E+002  0.414788009718714E+000 -0.152624721604069E+001 -0.187746986257343E+001
  0.100000000000000E+001  0.130467707486872E+004  0.548653229960052E+001  0.397085111802144E+001 -0.506505541280288E+001
  0.100000000000000E+001  0.768350385219335E+003  0.503387886636512E+001  0.660190102346214E+001 -0.158941465730747E+001
  0.100000000000000E+001  0.389287229277166E+004 -0.254023234263036E+001  0.965507996781828E+001 -0.987059568411638E+001
  0.100000000000000E+001  0.130106538650545E+004 -0.522309912668111E+001  0.351935689778482E+001  0.547980055041484E+001
  0.100000000000000E+001  0.846846316340131E+003 -0.997225899875462E+001 -0.923219900257993E+001 -0.190700297906780E+001
  0.100000000000000E+001  0.811513274547563E+003  0.411712990638338E+001 -0.415735855014238E+001  0.304440974436244E+001
  0.100000000000000E+001  0.159449021577740E+002  0.324952998285661E+001  0.280447592801946E+001  0.240540283414537E+001
  0.100000000000000E+001  0.599506331686197E+002  0.333760270158607E+001  0.107547975993369E+001  0.166230913529624E+001
  0.100000000000000E+001  0.802981327555310E+003  0.491161157809926E+001 -0.329092752152920E+000 -0.399983909964403E+001
  0.100000000000000E+001  0.249096942073307E+004  0.259060438800057E+001 -0.818501671880446E+001  0.718634711162631E+001
  0.100000000000000E+001  0.351861407255021E+004 -0.334686126258366E+001  0.902920646353355E+001 -0.935965426540644E+001
  0.100000000000000E+001  0.893518764817169E+002  0.748878259117900E+001  0.786468895161132E+001  0.889442632991792E+001
  0.100000000000000E+001  0.602078613352949E+003 -0.987773425027676E+000  0.334176297062800E+001 -0.439233180831981E+001
  0.100000000000000E+001  0.662404202655488E+003 -0.530877479440774E+000 -0.605616624684855E+001 -0.827699801130635E+001
  0.100000000000000E+001  0.107290146537504E+003  0.449165098950125E+001  0.438886232868686E+001  0.179207055949634E+001
  0.100000000000000E+001  0.146099433425115E+004 -0.943989143635539E+001  0.254533622402929E+001 -0.242367182895206E+001
  0.100000000000000E+001  0.319777524785196E+004  0.799919454221988E+001 -0.987662610874917E+001 -0.665475600653360E+000
  0.100000000000000E+001  0.210951971973948E+004  0.775154763538409E+001 -0.211788260864196E+001 -0.640870513125367E+001
  0.100000000000000E+001  0.249002961993706E+004 -0.984109810805459E+001 -0.354924245731657E+001  0.581574544562153E+001
  0.100000000000000E+001  0.921207682149175E+003 -0.362239740832916E+001 -0.350684103510728E+000 -0.969421087697174E+001
  0.100000000000000E+001  0.962874859781859E+003  0.339670006534956E+000 -0.934379291791682E+001 -0.491855349913883E+001
  0.100000000000000E+001  0.857990425886108E+002 -0.124964414716757E+001 -0.227836864584732E+001 -0.402356402524421E+001
  0.100000000000000E+001  0.184900020548236E+004  0.383296311560063E+001 -0.740699218953530E+001  0.483603787711660E+001
  0.100000000000000E+001  0.333189759756536E+003  0.451838343122573E+001  0.958215068547507E+001  0.550047808116129E+001
  0.100000000000000E+001  0.524693115427208E+003  0.312619476073423E+001  0.999203294148949E+001  0.559200571529647E+001
  0.100000000000000E+001  0.209261746012246E+004  0.430404564157652E+001  0.744815080238429E+001 -0.634010985933224E+001
  0.100000000000000E+001  0.176463496613760E+004  0.500109154552077E+001 -0.795294267726514E+001 -0.393349848999076E+001
  0.100000000000000E+001  0.206619075115536E+004  0.987840224196380E+001  0.405831011464988E+001 -0.437745506668293E+001
  0.100000000000000E+001  0.297940479137067E+004  0.938706782116087E+001 -0.520462114967673E+001  0.996509449711133E+001
  0.100000000000000E+001  0.326997180275954E+004 -0.787187230416469E+001  0.707139297572060E+001 -0.916787136612052E+001
  0.100000000000000E+001  0.416881972221172E+003  0.305991001093251E+001  0.920561447197462E+001  0.601696604743785E+001
  0.100000000000000E+001  0.755708655176033E+003  0.371152835057398E+001  0.558336878096516E+001 -0.267570574934536E+001
  0.100000000000000E+001  0.170875050034997E+004  0.723770668686840E+001  0.786268215395314E+000 -0.582950447334254E+001
  0.100000000000000E+001  0.352703575142142E+003 -0.721260244377131E+001 -0.552515089318904E+001 -0.162603731019851E+001
  0.100000000000000E+001  0.150076214790816E+004  0.689223841837035E+001 -0.477514927253909E+001 -0.216901958499327E+001
  0.100000000000000E+001  0.707560881463177E+003 -0.144507859368072E+001 -0.514765474672734E+001 -0.965755877339421E+001
  0.100000000000000E+001  0.716041286496081E+003  0.538410797665085E+001 -0.304874391318462E+001  0.160419465810997E+001
  0.100000000000000E+001  0.124342208914461E+004 -0.268089479365151E+001 -0.864090869047177E+001  0.245659790522091E+001
  0.100000000000000E+001  0.214474582569759E+004 -0.513326086076234E+001 -0.760163593993308E+000  0.915194069276034E+001
  0.100000000000000E+001  0.813416952645531E+003  0.460492364386289E+001  0.407784049445848E+001 -0.343786900369331E+001
  0.100000000000000E+001  0.206753201020698E+004 -0.872917375678213E+001  0.544714283640648E+001  0.414227036031851E+000
  0.100000000000000E+001  0.766785077467997E+002  0.240756043591341E+001  0.468957250270500E+001  0.436611039907498E+001
  0.100000000000000E+001  0.137523618429900E+004 -0.614912096230114E+001  0.411259884826892E+001  0.389008995867477E+001
  0.100000000000000E+001  0.886243973231848E+003 -0.790805758123040E+001  0.551239067861229E+000 -0.176222570944535E+000
  0.100000000000000E+001  0.283707258724447E+004  0.991267745247758E+001 -0.686420493081238E+001  0.268823212027929E+001
  0.100000000000000E+001  0.630356975303597E+003  0.278565191804873E+001  0.720717361096205E+001 -0.644239005140252E+000
  0.100000000000000E+001  0.252448633061404E+004  0.336696842852363E+001  0.972886137727373E+001 -0.604209197899104E+001
  0.100000000000000E+001  0.166030858218279E+003 -0.580497190266071E+001 -0.337236277425602E+001 -0.698022200411567E+001
  0.100000000000000E+001  0.405111772295253E+004 -0.991001570613766E+001  0.991439825644500E+001 -0.299069890841519E+001
  0.100000000000000E+001  0.949667850283032E+003  0.726458062155777E+001  0.357166919194910E+001 -0.234923848614038E+001
  0.100000000000000E+001  0.218255732765050E+003 -0.181130794217417E+000  0.786290171443134E+000  0.422963028564222E+001
  0.100000000000000E+001  0.357129499123732E+004  0.865765173572691E+001 -0.601634702293232E+001 -0.897317120798274E+001
  0.100000000000000E+001  0.604483057454562E+003  0.583881767249569E+001 -0.932546715264941E+000 -0.827144963356501E+000
  0.100000000000000E+001  0.497615751353935E+003  0.874842843957255E+001  0.221555339988610E+001  0.362931036047143E+001
  0.100000000000000E+001  0.884202700238714E+002  0.508517690275069E+001  0.620007263596158E+001  0.728082942359020E+001
  0.100000000000000E+001  0.154764095141349E+004  0.619267274138340E+001  0.712876321078197E+001 -0.404582952212789E+001
  0.100000000000000E+001  0.221806916900458E+004  0.976958900031979E+001 -0.485606437480889E+001  0.471072928543012E+001
  0.100000000000000E+001  0.289731127048230E+004  0.418831263436363E+001 -0.900416087205526E+001  0.690259534354044E+001
  0.100000000000000E+001  0.869901273547866E+003  0.867873669858617E+001  0.542293394560182E+001 -0.407839533529919E+000
  0.100000000000000E+001  0.309568671069503E+004 -0.919300234146140E+001  0.344280930055374E+001  0.772448289141253E+001
  0.100000000000000E+001  0.859316928854337E+002  0.490507400830857E+001  0.704228578756366E+001  0.534285798254963E+001
  0.100000000000000E+001  0.407415791711132E+003 -0.497978966445832E+001  0.125099119355078E+001 -0.287403119413001E+001
  0.100000000000000E+001  0.262869541550430E+003 -0.561512154762390E+001 -0.133198581669140E+001 -0.116153062573977E+001
  0.100000000000000E+001  0.994604274668214E+003 -0.470959184870967E+001 -0.994978527791543E+001 -0.113369807886907E+000
  0.100000000000000E+001  0.586561053261888E+003 -0.209406681215371E+001  0.116677962461035E+001  0.551895367823732E+001
  0.100000000000000E+001  0.115251578040571E+004  0.901009722494596E+001 -0.161976654145803E+001  0.282988523128242E+001
  0.100000000000000E+001  0.286795749736954E+004  0.865661893649596E+001 -0.671215575220945E+001  0.707162463128707E+001
  0.100000000000000E+001  0.147647859845188E+004 -0.352817095405915E+001  0.329562530749692E+001  0.855389408633866E+001
  0.100000000000000E+001  0.274127527261909E+004 -0.823617437325461E+001  0.783077889840382E+001  0.324287642725153E+001
  0.100000000000000E+001  0.709931145648298E+003 -0.712257040381692E+001 -0.160195970747193E+001 -0.960133129220401E+001
  0.100000000000000E+001  0.425637518472112E+002 -0.215171733513039E+001 -0.323901748858180E+001 -0.132694816990780E+001
  0.100000000000000E+001  0.174674631432415E+004  0.364206436781783E+001 -0.944442651846250E+001 -0.146432270521186E+001
  0.100000000000000E+001  0.141636876908469E+004 -0.693993824822137E+001  0.266183303840800E+001 -0.811517607921317E+001
  0.100000000000000E+001  0.198179619174528E+004 -0.383428615426774E+001  0.902527139586798E+001  0.741164676672192E+001
  0.100000000000000E+001  0.121243731284719E+004 -0.413642436350863E+000  0.942462808668499E+001  0.316812837105356E+000
  0.100000000000000E+001  0.146996779822115E+004  0.693315204233166E+001  0.867962937932282E+001 -0.251039150816759E+001
  0.100000000000000E+001  0.163998258503869E+004  0.254817365081200E+001  0.366301603440352E+001 -0.793961990668173E+001
  0.100000000000000E+001  0.315922382501760E+004 -0.987230505134448E+001  0.762845869344309E+001  0.155878130355551E+001
  0.100000000000000E+001  0.138123168315004E+004 -0.786888295491446E+001 -0.639662140140972E+001  0.290769740401783E+001
  0.100000000000000E+001  0.111948301242606E+004  0.484398170969780E+001 -0.561516765377552E+001  0.982424353383906E+000
  0.100000000000000E+001  0.211211621135493E+004  0.997424372832462E+001 -0.398792464134847E+001  0.628849009480560E+001
  0.100000000000000E+001  0.311376414889034E+003  0.244257732052819E+001 -0.301190948092081E+001  0.713065103995680E+000
  0.100000000000000E+001  0.801996111651194E+003 -0.475395330740469E+001 -0.734564925642177E+001  0.130296248088867E+001
  0.100000000000000E+001  0.136669094015202E+004 -0.501740998154880E+001  0.656128964583038E+001  0.211094613539574E+001
  0.100000000000000E+001  0.115054989347816E+004 -0.911959553227416E+001  0.399419762721807E+000 -0.163888975326232E+000
  0.100000000000000E+001  0.114052381048594E+004  0.888633204676312E+001 -0.625955746372782E+000  0.804683192335694E+001
  0.100000000000000E+001  0.314308784808876E+004 -0.490082500346653E+001  0.818330363595632E+001 -0.870469246220518E+001
  0.100000000000000E+001  0.305086070102256E+004  0.863986371942939E+001 -0.802993554096485E+001  0.478911297059057E+001
  0.100000000000000E+001  0.938452106670057E+003 -0.376288996278695E+001 -0.977133820162708E+001 -0.316534246873816E+000
  0.100000000000000E+001  0.310589089697353E+003 -0.174518850081621E+001  0.220449073447245E+001 -0.315964535520914E+001
  0.100000000000000E+001  0.169051178976322E+004  0.626038244761906E+001 -0.478695990083708E+001 -0.518719296043738E+001
  0.100000000000000E+001  0.178084921591573E+004  0.266111271266869E+001  0.251286691232217E+001 -0.896201415875595E+001
  0.100000000000000E+001  0.255412226197989E+003  0.406775809897633E+001  0.327584846115952E+001 -0.600144857065814E+000
  0.100000000000000E+001  0.128310552590814E+004  0.369842605617964E+001 -0.666437428277046E+001  0.247253808521533E+001
  0.100000000000000E+001  0.333041229942800E+004  0.811451858127272E+001 -0.914902397098516E+001  0.459208910714873E+001
  0.100000000000000E+001  0.105540362093410E+004 -0.643857816231701E+001  0.342012695787663E+001  0.976688291281151E+000
  0.100000000000000E+001  0.319721370743740E+003  0.141419875199695E+001 -0.421684176699554E+001 -0.141586833369146E+001
  0.100000000000000E+001  0.176341397461623E+004 -0.760998755348883E+000  0.575304220482169E+001 -0.752058291892881E+001
  0.100000000000000E+001  0.200487024553478E+004  0.548671088246145E+001  0.649168663893218E+001 -0.622877103317086E+001
  0.100000000000000E+001  0.211822299927518E+004 -0.378582173755134E+001  0.818541520684244E+001  0.925197554187807E+001
  0.100000000000000E+001  0.841761077019592E+003 -0.555692685088820E+001  0.150433316281777E+001  0.304156348573088E+001
  0.100000000000000E+001  0.372356164152572E+003 -0.811789387145935E+001 -0.426196604895678E+001 -0.233440134482782E+001
  0.100000000000000E+001  0.295972650482575E+003 -0.826917062770235E+001 -0.448324621137712E+001 -0.907730794214186E+001
  0.100000000000000E+001  0.962026794360335E+003 -0.212400745471318E+001  0.685417937820180E+001 -0.103111152350396E+001
  0.100000000000000E+001  0.531478930652635E+002 -0.405149106706018E+001 -0.524304599245129E+001 -0.343014801253003E+001
  0.100000000000000E+001  0.403515676101001E+003  0.904763512347198E+001  0.355697159118437E+001  0.826553267792808E+001
  0.100000000000000E+001  0.499341780562961E+003  0.859746579598120E+001  0.304960141400874E+001  0.226632925175188E+001
  0.100000000000000E+001  0.311753027055976E+004  0.259541967892090E+000 -0.883603497572523E+001  0.881607033179034E+001
  0.100000000000000E+001  0.173534810293751E+004  0.345747662059254E+001  0.144512263873721E+001 -0.881537398848911E+001
  0.100000000000000E+001  0.122400008279770E+004  0.399985877309780E+001 -0.301446618869293E+001  0.785353314420204E+001
  0.100000000000000E+001  0.368966712499165E+003 -0.102768464566265E+001  0.380110230887558E+001  0.449873419013653E+001
  0.100000000000000E+001  0.415590391456559E+004 -0.961707009441509E+001  0.662052243611808E+001  0.915896994408383E+001
  0.100000000000000E+001  0.801025439249681E+002 -0.957770095002890E+000 -0.358871543339639E+001 -0.282450898137008E+001
  0.100000000000000E+001  0.484776101349963E+003 -0.287038991239094E+001  0.178002355257539E+001  0.392973943512474E+001
  0.100000000000000E+001  0.289051870155745E+004 -0.120440907821796E+001 -0.756024736073275E+001  0.927216394352177E+001
  0.100000000000000E+001  0.844755391953599E+003  0.536804999706118E+000 -0.547871923995444E+001 -0.835721447758360E+001
  0.100000000000000E+001  0.164195888751263E+004  0.418248298857818E+001  0.399835383548501E+001 -0.700307134864324E+001
  0.100000000000000E+001  0.308730661655151E+004 -0.835518593972479E+001 -0.367810828491763E+001  0.864618986558691E+001
  0.100000000000000E+001  0.384061475111205E+004  0.845540391225219E+001  0.540687805401099E+001 -0.982868300645764E+001
  0.100000000000000E+001  0.110461480290289E+004 -0.568334427433105E+001 -0.555217765610625E+001  0.345235310263834E+001
  0.100000000000000E+001  0.227985376134565E+004  0.925335293298123E+001  0.217732668416852E+001 -0.582247924547550E+001
  0.100000000000000E+001  0.204271475665982E+004 -0.640943669896028E+001  0.496974069245663E+001  0.675023986404071E+001
  0.100000000000000E+001  0.207686128790089E+004  0.652081259590619E+001 -0.426889119007089E+001 -0.713248683990804E+001
  0.100000000000000E+001  0.864750883990280E+003 -0.457924990304032E+001  0.397555317105096E+001  0.284149991194308E+001
  0.100000000000000E+001  0.586785371082993E+003  0.570401680615945E+001  0.129554836247238E+001 -0.190066312963454E+001
  0.100000000000000E+001  0.144783263010203E+004  0.353001417854119E+001 -0.370098439289028E+001  0.820735350598237E+001
  0.100000000000000E+001  0.396352860181472E+004 -0.658364005516311E+001 -0.784679896792286E+001  0.998517593559589E+001
  0.100000000000000E+001  0.268320898486182E+003  0.401019026396340E+001  0.684307964905667E+001  0.870728968813444E+001
  0.100000000000000E+001  0.306749531959877E+003 -0.932968066373014E+001 -0.439336988296903E+001 -0.771327650440152E+001
  0.100000000000000E+001  0.204274547307275E+004 -0.799338673854386E+001  0.597043875280139E+001  0.161895771028477E+001
  0.100000000000000E+001  0.464429975661159E+003 -0.872850107176092E+001 -0.215078234709578E+001 -0.554872184145387E+001
  0.100000000000000E+001  0.191396602774209E+004  0.513171320830422E+001  0.586322490370305E+001 -0.645763987151457E+001
  0.100000000000000E+001  0.300875650719365E+003  0.418222124464501E+001 -0.122641670471612E+001  0.208038568869380E+001
  0.100000000000000E+001  0.142661213502955E+004 -0.414500517753756E+001  0.457262421872810E+001 -0.682897716360132E+001
  0.100000000000000E+001  0.202924965363493E+002 -0.407136033026051E+001 -0.362178571746371E+001 -0.331601499064202E+001
  0.100000000000000E+001  0.157102427279049E+004 -0.301751832733020E+001  0.696918943389969E+001  0.843032124908277E+001
  0.100000000000000E+001  0.220478934896072E+003 -0.119212355786426E+001 -0.561089787163357E+001 -0.428872708631952E+001
  0.100000000000000E+001  0.223339046087537E+004 -0.236193906174267E+001  0.950102903670420E+001 -0.429448725375250E+001
  0.100000000000000E+001  0.369519212085039E+003 -0.254901588926209E+001  0.276908178264078E+001  0.263746462559894E+001
  0.100000000000000E+001  0.503433087602306E+003  0.221628622388874E+001  0.581657798229762E+000  0.730069202698142E+001
  0.100000000000000E+001  0.120487181785437E+004 -0.759323225634211E+001 -0.206698460207813E+001  0.335980062383223E+001
  0.100000000000000E+001  0.288405332025913E+004 -0.624986139083699E+001  0.953457482673611E+001  0.697999208334545E+001
  0.100000000000000E+001  0.111292694348867E+004 -0.155218013435740E+001  0.670042386322737E+001 -0.311011867020030E+001
  0.100000000000000E+001  0.753333489397969E+003  0.540010710256501E+001 -0.326894587416128E+001  0.110349865715517E+001
  0.100000000000000E+001  0.212508392086296E+004 -0.991606669638689E+001  0.421164319948686E+001  0.210953456814025E+000
  0.100000000000000E+001  0.115952031992160E+004 -0.641441264057963E+001 -0.894259257353458E+001  0.128922748161317E+001
  0.100000000000000E+001  0.128562601944926E+004 -0.717107645336450E+001  0.392650964826910E+001 -0.352378385726730E+001
  0.100000000000000E+001  0.667441434207761E+003  0.785125347379283E+001  0.133764140405974E+001  0.423451453337145E+000
  0.100000000000000E+001  0.813446004861255E+003  0.161042234432415E+001 -0.142112398638882E+001  0.741403181660732E+001
  0.100000000000000E+001  0.162545155927722E+003 -0.920824116354792E+001 -0.842661568957807E+001 -0.621240423104048E+001
  0.100000000000000E+001  0.216076027342093E+004 -0.485425347889418E+001 -0.687248526417867E+001  0.673596941347837E+001
  0.100000000000000E+001  0.717869678096712E+003  0.370851650533503E+001  0.245476714624771E+001 -0.416977425340134E+001
  0.100000000000000E+001  0.155062980157139E+004 -0.399491358816017E+001 -0.823920646288572E+001  0.399020579887627E+001
  0.100000000000000E+001  0.225288475815496E+004  0.724763790245052E+001 -0.774117951724679E+001  0.404218090237487E+000
  0.100000000000000E+001  0.101311926731748E+004  0.712206564322706E+001 -0.246073111701680E+001 -0.296729107480649E+000
  0.100000000000000E+001  0.557768852450473E+003 -0.152955930810749E+001  0.505689943622904E+001 -0.127091013744542E+001
  0.100000000000000E+001  0.161420099273555E+004 -0.756498233342945E+001  0.329053149167084E+001 -0.774034779685880E+001
  0.100000000000000E+001  0.812080263199789E+003 -0.295710177442430E+001  0.398690931734243E+001 -0.444463352823492E+001
  0.100000000000000E+001  0.184607886797549E+004 -0.431307893298623E+001  0.851006509290452E+001 -0.177923043423307E+001
  0.100000000000000E+001  0.209683136209270E+004  0.992271548288040E+001 -0.337723962365403E+001 -0.166143835180611E+001
  0.100000000000000E+001  0.355202346396680E+004 -0.960674819306637E+001 -0.134275038805925E+001  0.919190911724739E+001
  0.100000000000000E+001  0.108884904159416E+004 -0.223809506492728E+001  0.810048338810691E+001  0.196873237640002E+001
  0.100000000000000E+001  0.570196988135182E+003  0.389552942823089E+001  0.321881221114022E+001 -0.294107195668155E+001
  0.100000000000000E+001  0.127990951150143E+004 -0.175181552191769E+001  0.268548787853975E+000  0.887175274391907E+001
  0.100000000000000E+001  0.355194014890620E+003  0.197509318360069E+001  0.521226918145133E+001 -0.692624845499503E+000
  0.100000000000000E+001  0.128986045124727E+003 -0.748792471613070E+001 -0.451394838029401E+001 -0.632088640031969E+001
  0.100000000000000E+001  0.761211799130821E+002 -0.755416781309777E+001 -0.585222435313728E+001 -0.634176150988592E+001
  0.100000000000000E+001  0.161711227677427E+004  0.253500597614042E+001  0.727819614727750E+001 -0.530077277099564E+001
  0.100000000000000E+001  0.365168859669054E+004  0.911027787760469E+001 -0.864652851644843E+000 -0.999037118449481E+001
  0.100000000000000E+001  0.472761759579497E+003 -0.452093571368229E+001 -0.770271869703432E+001 -0.981818016598774E+000
  0.100000000000000E+001  0.460367978621302E+003 -0.313081051053099E-001  0.544845095232131E+001 -0.722575917134984E+000
  0.100000000000000E+001  0.237451187680699E+004 -0.481485401290727E+001 -0.963675396164621E+001  0.541947436499056E+001
  0.100000000000000E+001  0.205044158847180E+003 -0.676116730573429E+001 -0.379181053168928E+001 -0.258705901749934E+001
  0.100000000000000E+001  0.304721421910565E+004 -0.795492792856376E+001  0.710991868502691E+001  0.718918882941626E+001
  0.100000000000000E+001  0.452987878813781E+003  0.267718056461765E+001  0.479881206193697E+001  0.904837895258738E+001
  0.100000000000000E+001  0.235513114654686E+004 -0.770369330279996E+001  0.752464374297723E+001 -0.171226825285591E+001
  0.100000000000000E+001  0.214905640282569E+004 -0.854024052089920E+001  0.608914434279052E+001 -0.190206568971703E+001
  0.100000000000000E+001  0.493589760598734E+003  0.955372832998885E+001  0.544066282728592E+001  0.285603644775061E+001
  0.100000000000000E+001  0.258750394097970E+004  0.565796919128955E+001  0.903598907208132E+001 -0.624881746031681E+001
  0.100000000000000E+001  0.299924053536096E+004  0.644375392594450E+001 -0.969701945017613E+001  0.380503143334320E+001
  0.100000000000000E+001  0.214728373943553E+004  0.612928311247599E+001  0.280272592634463E+000 -0.842746048231430E+001
  0.100000000000000E+001  0.247391670296215E+004  0.698026586967164E+001 -0.730226409164859E+001 -0.583374754341732E+001
  0.100000000000000E+001  0.115195397297780E+004  0.463969834487909E+001 -0.588576415699175E+001  0.118347691678034E+001
  0.100000000000000E+001  0.206968650777063E+004 -0.900274009435632E+001  0.369410760873597E+001 -0.836940010347986E+001
  0.100000000000000E+001  0.156934734030940E+004 -0.426142354810216E+001  0.547196134595259E+001  0.738509265212609E+001
  0.100000000000000E+001  0.176097933364434E+004 -0.644207549295264E+001  0.324052732800907E+001 -0.936946162390793E+001
  0.100000000000000E+001  0.170351770846076E+004 -0.626196684066914E+001  0.623566007331857E+001  0.322545352004422E+001
  0.100000000000000E+001  0.104624048724998E+004  0.352741656110048E+001 -0.271243064156664E+001 -0.658785958283793E+001
  0.100000000000000E+001  0.403774120916758E+004  0.959270893049363E+001  0.927576524308001E+001 -0.793471962975848E+001
  0.100000000000000E+001  0.170337906090128E+004  0.473829648196133E+001 -0.705704658243687E+001  0.367239781621065E+001
  0.100000000000000E+001  0.792956843775713E+002  0.731293904247985E+001  0.798332322128892E+001  0.848034997213908E+001
  0.100000000000000E+001  0.156377155660515E+004 -0.904102538534706E+001 -0.798489839573331E+001  0.218770429264103E+001
  0.100000000000000E+001  0.400378506643356E+003  0.164921405074085E+001  0.275074452045620E+001  0.747805433971051E+001
  0.100000000000000E+001  0.210857842618195E+004  0.405300153455532E+001 -0.739360620566498E+001  0.606060738794179E+001
  0.100000000000000E+001  0.426776285906594E+003  0.205022929738208E+000 -0.291888388083201E+000  0.557081335506024E+001
  0.100000000000000E+001  0.186611593815636E+004  0.431474504580644E+001 -0.919706171169289E+001 -0.794909378308422E+000
  0.100000000000000E+001  0.332955150532150E+002  0.150212245234308E+001  0.275507241848714E+000 -0.253411588699175E+000
  0.100000000000000E+001  0.139356583289257E+004  0.358072983309384E+001  0.949736995232321E+001 -0.224771664497028E+001
  0.100000000000000E+001  0.124839666636004E+004  0.527796237830572E+001  0.618355949713810E+001 -0.388567726417765E+001
  0.100000000000000E+001  0.131673187708236E+004 -0.499426686270951E+001  0.591172944010973E+001 -0.262028024276176E+001
  0.100000000000000E+001  0.348135802208008E+004 -0.871009867884565E+001  0.583309026541673E+001  0.866795324190350E+001
  0.100000000000000E+001  0.345728378500629E+003 -0.898563468112716E+001 -0.789574493533640E+001 -0.382567965997451E+001
  0.100000000000000E+001  0.578894348905685E+003 -0.875851090062989E+000 -0.781283506448110E+001 -0.663713935794044E+001
  0.100000000000000E+001  0.219971543319755E+004 -0.119847219333171E+001 -0.627222606859011E+001  0.833200404433146E+001
  0.100000000000000E+001  0.735433233126712E+003  0.513770760340843E+001  0.504508391865727E+001 -0.229580917124349E+001
  0.100000000000000E+001  0.116595894620708E+004  0.864364269120960E+001  0.208997580901549E+001 -0.201798224411127E+001
  0.100000000000000E+001  0.159189823702033E+004 -0.973213946309527E+001 -0.624446748258037E+001  0.243497015559029E+001
  0.100000000000000E+001  0.870745089641222E+003  0.547332214586877E+001 -0.153348978953536E+000  0.896538570473647E+001
  0.100000000000000E+001  0.190952217769202E+003  0.337975477958658E+001 -0.881381564599437E+000  0.194845099701600E+001
  0.100000000000000E+001  0.636777860566684E+002 -0.507178564801077E+001 -0.668824890959913E+001 -0.606324833506892E+001
  0.100000000000000E+001  0.185735013369350E+004 -0.212367657392779E+001 -0.690346543831618E+001  0.653490911515427E+001
  0.100000000000000E+001  0.154712368686641E+004  0.125314004128052E+001 -0.592547515436217E+001  0.645663788950613E+001
  0.100000000000000E+001  0.496250112713913E+003 -0.505939564062043E+000  0.508658199945557E+001 -0.140161554415674E+001
  0.100000000000000E+001  0.345633880339711E+003 -0.607024956154611E-001  0.350305725109019E+001 -0.232139671199176E+001
  0.100000000000000E+001  0.133567459183775E+004 -0.649444539972000E+001  0.281126810629134E+001 -0.767866777346817E+001
  0.100000000000000E+001  0.770250461142685E+003 -0.194257646202169E+001 -0.729606473416784E+001  0.135513487819653E+001
  0.100000000000000E+001  0.955514521912215E+003 -0.621934435969132E+001 -0.235979585897469E+001  0.347074719181285E+001
  0.100000000000000E+001  0.146438752808443E+003 -0.494191377437541E+001 -0.149464257291750E+001 -0.423979956487673E+001
  0.100000000000000E+001  0.929525269157283E+002  0.719367525724173E+001  0.638747148455486E+001  0.492289281241935E+001
  0.100000000000000E+001  0.319115177296466E+004  0.833536203564952E+001 -0.806566907707948E+001  0.623259364990355E+001
  0.100000000000000E+001  0.165663748013723E+004 -0.420840682490867E+001  0.337675044115894E+001  0.855847677364209E+001
  0.100000000000000E+001  0.245939205174539E+004 -0.563660795678572E+001  0.584691144936746E+000  0.993103736466067E+001
  0.100000000000000E+001  0.249270730187713E+003  0.809049688472489E+001  0.380118068326373E+001  0.433910481295549E+001
  0.100000000000000E+001  0.498958565196862E+003  0.466666884358397E+001  0.590745399907733E+001 -0.660712224047610E+000
  0.100000000000000E+001  0.406518755103375E+003  0.234478972637091E+001  0.888723948847105E+000  0.690529422564993E+001
  0.100000000000000E+001  0.170901922722739E+004 -0.997674815670545E+001  0.551828217928125E+000  0.195940416314190E+001
  0.100000000000000E+001  0.716578577759734E+003  0.570768336019290E+001  0.609488459308123E+001 -0.135446371764822E+001
  0.100000000000000E+001  0.315333374994111E+004 -0.914213042524480E+001  0.541880573850802E+001  0.693331015934445E+001
  0.100000000000000E+001  0.148906779041875E+004  0.113946733230843E+001 -0.826483324481006E+001  0.315816058187853E+001
  0.100000000000000E+001  0.306522251013307E+004 -0.944309876608415E+001  0.649400431931776E+001  0.479640269465600E+001
  0.100000000000000E+001  0.360458852049942E+003  0.770375522622752E+001  0.207209215286103E+001  0.592628121473976E+001
  0.100000000000000E+001  0.670353395957409E+003  0.444662774153793E+001 -0.260429542675718E+001 -0.267603537232345E+001
  0.100000000000000E+001  0.131152299135559E+004  0.870444909259425E+000  0.328340778791398E+001 -0.761071525238294E+001
  0.100000000000000E+001  0.143269535177319E+004  0.587883136986218E+001 -0.605610574250395E+001 -0.841725026043656E+000
  0.100000000000000E+001  0.312510863419512E+004  0.950381952400956E+001 -0.196266691993398E+001 -0.787965590321561E+001
  0.100000000000000E+001  0.938960564541943E+002  0.136066119759520E+001  0.414058972646138E+001  0.346424599327730E+001
  0.100000000000000E+001  0.318021160614935E+004 -0.376372148877439E+001 -0.720310989360111E+001  0.966865618410643E+001
  0.100000000000000E+001  0.100286136204811E+004 -0.816468397167141E+001 -0.643233103297831E+000 -0.985722171365022E+001
  0.100000000000000E+001  0.188851951138362E+004  0.639477220073276E+001 -0.467143340128891E+001  0.785865182343227E+001
  0.100000000000000E+001  0.109845415476488E+003 -0.726852043847254E+001 -0.925055527272356E+001 -0.802901701044012E+001
  0.100000000000000E+001  0.724124496177786E+001 -0.691840197090650E+000 -0.654925618676283E-001 -0.807314889975344E+000
  0.100000000000000E+001  0.197906597426707E+004  0.188646418759730E-001  0.931579454700131E+001 -0.446265554872911E+001
  0.100000000000000E+001  0.988506275851330E+003 -0.180814734624799E+001  0.371969373445847E+001  0.804949016109873E+001
  0.100000000000000E+001  0.324902960065302E+004  0.987009957115363E+001 -0.741909645283471E+001 -0.318373323684135E+001
  0.100000000000000E+001  0.162208604445879E+004 -0.584804770484949E+001  0.243900904766887E+001  0.666295815996034E+001
  0.100000000000000E+001  0.442373821728007E+003 -0.147435567336822E+001 -0.357568737485254E+001  0.293241987608248E+001
  0.100000000000000E+001  0.193370560597740E+003 -0.997358647101625E+001 -0.861445314371639E+001 -0.653105854008119E+001
  0.100000000000000E+001  0.246353367854126E+004  0.751946705838723E+001 -0.523778719085929E+001 -0.676404178111714E+001
  0.100000000000000E+001  0.133762815239801E+004 -0.265121000209952E+001  0.850750223152760E+001  0.533855421721740E+001
  0.100000000000000E+001  0.201638029249610E+004  0.941048552622037E+001 -0.316210943762222E+001  0.866623313875731E+001
  0.100000000000000E+001  0.134658704627726E+004  0.731408398666096E+001  0.477402503998010E+001 -0.372880029782372E+001
  0.100000000000000E+001  0.163615992866204E+004 -0.629092205881614E+001  0.398775244416600E+001  0.543212365323975E+001
  0.100000000000000E+001  0.315687092772783E+003  0.792766986994238E+000 -0.465126411257905E+001 -0.826905507003561E+000
  0.100000000000000E+001  0.213530804265701E+003 -0.810535858532127E+000 -0.469267159439453E+000  0.334090548787059E+001
  0.100000000000000E+001  0.418197115344030E+003 -0.231288910306304E+000  0.279184596559558E+001 -0.366499639791731E+001
  0.100000000000000E+001  0.227748869701089E+004 -0.498349582370613E+001 -0.114142124305137E+001  0.957059860311397E+001
  0.100000000000000E+001  0.656025996615536E+003 -0.678933853852310E+001  0.115067129744447E+001 -0.162772086152212E+001
  0.100000000000000E+001  0.147987027746780E+004  0.185673332476774E+001 -0.751836207125247E+001  0.387735225764963E+001
  0.100000000000000E+001  0.180844854504282E+004 -0.896915053213724E+001 -0.627739805196250E+001  0.373512010099472E+001
  0.100000000000000E+001  0.171541381513624E+004 -0.637629887278769E+001  0.504221783746888E+001 -0.617512749517368E+001
  0.100000000000000E+001  0.965630921536581E+003  0.637128391702246E-001 -0.275396103680426E+001 -0.941730517358130E+001
  0.100000000000000E+001  0.792460445636294E+003  0.504665812065329E+001 -0.259339848552165E+001  0.511493241525137E+001
  0.100000000000000E+001  0.443553690667099E+003 -0.254735520164353E+001 -0.875126901893459E+001 -0.687736475167704E+001
  0.100000000000000E+001  0.138760956048388E+004 -0.799943127483538E+000 -0.966945079071740E+001  0.142263176052712E+001
  0.100000000000000E+001  0.213815575021146E+004  0.490112044126863E+001 -0.363757004896765E+001 -0.961684464308079E+001
  0.100000000000000E+001  0.445885545554526E+003  0.309654743804845E+001 -0.338240056043578E+001 -0.151654198130554E+001
  0.100000000000000E+001  0.188515764394466E+004 -0.434084031133868E+001  0.686223177502602E+001  0.806111941886319E+001
  0.100000000000000E+001  0.410928134310315E+003  0.381511709703153E-001  0.475843061565655E+001 -0.133824648477258E+001
  0.100000000000000E+001  0.107238211779730E+004  0.391573557512770E+000 -0.984541293015197E+001 -0.486721756527553E+001
  0.100000000000000E+001  0.660099756622943E+003 -0.938387330534094E+001 -0.164650197295180E+001 -0.685852289498539E+001
  0.100000000000000E+001  0.356854103442307E+004  0.665292616040166E+001  0.667215580013568E+001 -0.969235185173540E+001
  0.100000000000000E+001  0.125085210322407E+004 -0.107056237031068E+001  0.875733619094344E+001  0.821924704607511E+001
  0.100000000000000E+001  0.452916396749449E+003 -0.147727535860965E+001  0.520942318257837E+001  0.146916064368443E+001
  0.100000000000000E+001  0.152821017412169E+004 -0.982960178830020E+001 -0.254375471727537E+001  0.241002537476917E+001
  0.100000000000000E+001  0.491325037986029E+003 -0.507379695778041E+001 -0.586943778195533E+001  0.477017240579014E+000
  0.100000000000000E+001  0.345923834518352E+004  0.167446606130444E+001  0.864080814054947E+001 -0.977551082642768E+001
  0.100000000000000E+001  0.305579155987282E+003 -0.420288330612970E+001 -0.847426923722399E+000  0.125718176623880E+001
  0.100000000000000E+001  0.348988465012922E+004  0.977504658167233E+001 -0.770873474610740E+001  0.667029816916649E+001
  0.100000000000000E+001  0.553999433344046E+003  0.759090064778567E+001  0.663457281248989E+001  0.879509758281711E+000
  0.100000000000000E+001  0.374998808211942E+004 -0.926649693406736E+001  0.827421739480072E+001 -0.755431965120108E+001
  0.100000000000000E+001  0.114891976881555E+004 -0.928498932255484E+001 -0.557847958677549E+000 -0.998248707101654E+001
  0.100000000000000E+001  0.166309249545024E+003  0.849606348353776E+001  0.954958865021112E+001  0.649174672448694E+001
  0.100000000000000E+001  0.816661514650694E+002 -0.404821950625793E+001 -0.310609593502891E+001 -0.138947184759103E+001
  0.100000000000000E+001  0.983529753348464E+003  0.160222268337906E+000  0.444515303580523E+001 -0.543967900130359E+001
  0.100000000000000E+001  0.799953451720896E+003 -0.328783688446777E+001  0.422109855793382E+001  0.463758659797915E+001
  0.100000000000000E+001  0.780836503713241E+003  0.691993653258295E+001 -0.130895452836140E+001  0.752900574743331E-001
  0.100000000000000E+001  0.385264950493784E+004 -0.272271228443191E+001  0.968594110179265E+001 -0.968500343193308E+001
  0.100000000000000E+001  0.219201175007544E+004  0.126800796097231E+001  0.766541988200533E+001 -0.709323909705490E+001
  0.100000000000000E+001  0.198824606570998E+004 -0.726021511630424E+001  0.529240099380915E+001  0.456946675554100E+001
  0.100000000000000E+001  0.802054305720811E+003  0.671188857680034E+001  0.999587179191466E+001  0.133860130728943E+001
  0.100000000000000E+001  0.263536197014534E+004  0.791905635452072E+001 -0.809245490387098E+001  0.221457108292246E+001
  0.100000000000000E+001  0.346519706210598E+003  0.755072177422561E+001  0.226824197484664E+001  0.655430669834717E+001
  0.100000000000000E+001  0.278930361119344E+003  0.506632875044059E+001  0.678971304236889E+001  0.975204247016135E+001
  0.100000000000000E+001  0.299947075889010E+004  0.944281451627329E+001 -0.764192733102697E+001 -0.154893201503467E+001
  0.100000000000000E+001  0.201310373063745E+004 -0.321050880023244E+000  0.987205936915130E+001 -0.375234868473959E+001
  0.100000000000000E+001  0.102722748081531E+004  0.568124800466483E+001  0.899273069962127E+001 -0.856156545924904E+000
  0.100000000000000E+001  0.222145096302800E+004  0.676696885352378E+001 -0.770975187300019E+001 -0.350661134272718E+001
  0.100000000000000E+001  0.302293614495577E+004  0.864334019670699E+001  0.422350718654269E+001 -0.812098583456683E+001
  0.100000000000000E+001  0.142375373093975E+004 -0.557808945877191E+001  0.618936518861203E+001 -0.139069210764101E+001
  0.100000000000000E+001  0.418262457455406E+002  0.364912700692213E+001  0.365638911883672E+001  0.499049313034782E+001
  0.100000000000000E+001  0.997247820645438E+003  0.466560045200247E+001 -0.506397443342802E+001 -0.212177608048546E+001
  0.100000000000000E+001  0.434125973472341E+003 -0.131554867204418E+001  0.208597193411614E+001  0.523564485900245E+001
  0.100000000000000E+001  0.855298155006638E+003  0.352614889436732E+001 -0.465176884621036E+001 -0.426338229227293E+001
  0.100000000000000E+001  0.530992654867116E+003  0.247768426121371E+000 -0.324180088685583E+001 -0.695542588068156E+001
  0.100000000000000E+001  0.349450180327633E+003  0.309639307135054E+001 -0.270780603998328E+001  0.113146143859600E+001
  0.100000000000000E+001  0.993967313743396E+003  0.711668870918514E+000  0.608143433838831E+001 -0.387009078771022E+001
  0.100000000000000E+001  0.111997814800203E+004 -0.672751598143607E+001 -0.771208380131327E+001  0.182763587645099E+001
  0.100000000000000E+001  0.735764181560169E+003 -0.631956656188639E+001 -0.155375986743324E+001  0.221374200070507E+001
  0.100000000000000E+001  0.129716831259065E+003 -0.645943839314360E+001 -0.463163459209725E+001 -0.321877415040885E+001
  0.100000000000000E+001  0.350461366930655E+003 -0.540606901898435E+001 -0.608869280772773E+001 -0.788507369792557E+000
  0.100000000000000E+001  0.534122394321532E+003 -0.442080143372126E+000  0.535759247133720E+001  0.616314907300292E+001
  0.100000000000000E+001  0.261835344151393E+004  0.103732367648277E+000  0.862177292678650E+001 -0.754954392650878E+001
  0.100000000000000E+001  0.185559902877925E+004  0.814015455586723E+001 -0.455798374309509E+001  0.596341948034486E+001
  0.100000000000000E+001  0.114618178893791E+004 -0.865606591619196E+001 -0.621864119409255E+001  0.150257596616816E+001
  0.100000000000000E+001  0.180054403797695E+004  0.589358522467648E+001  0.830059882225283E+001 -0.429619240986720E+001
  0.100000000000000E+001  0.105826691392097E+003  0.221236662704561E+001 -0.893680161515482E+000 -0.144053654583982E+000
  0.100000000000000E+001  0.395426736455789E+004  0.976939160211554E+001 -0.845615168563682E+001  0.749253632313555E+001
  0.100000000000000E+001  0.303530749664612E+004  0.659158077016903E+001 -0.761454560688408E+001  0.819484367235779E+001
  0.100000000000000E+001  0.102344035631548E+004  0.220199330232707E+001 -0.557231226507073E+001 -0.720066629179759E+001
  0.100000000000000E+001  0.757352134054910E+002 -0.521549424163775E+001 -0.398103223608049E+001 -0.616625269618500E+001
  0.100000000000000E+001  0.343148611192992E+003  0.393713527905947E+001 -0.139645855146349E+001 -0.810746423106317E+000
  0.100000000000000E+001  0.224729333612380E+003 -0.160738130171501E+001  0.278578819848813E+001 -0.938944513695215E+000
  0.100000000000000E+001  0.182769470620191E+004 -0.501432750235273E+001  0.826038648844115E+001 -0.569642792639149E+000
  0.100000000000000E+001  0.227764765820436E+003  0.803743534289931E+000  0.515908020479002E+001  0.145249115867315E+001
  0.100000000000000E+001  0.302579419332097E+004 -0.884740251022961E+001 -0.502953116431207E+001  0.774602866082696E+001
  0.100000000000000E+001  0.138012893275956E+004 -0.635685435159669E+001  0.363452260510888E+001  0.398497295674292E+001
  0.100000000000000E+001  0.399127043794721E+004 -0.871944667018705E+001  0.959348464429987E+001 -0.645573780851818E+001
  0.100000000000000E+001  0.859705168891507E+003  0.155660849148997E+001 -0.752448200371814E+001 -0.153517510017663E+001
  0.100000000000000E+001  0.124877606564801E+004  0.198034261492240E+001 -0.913259465338908E+001 -0.339869659208289E+001
  0.100000000000000E+001  0.883825084725668E+003  0.107445944121115E+001 -0.471735510180862E+001  0.458763436141148E+001
  0.100000000000000E+001  0.785613371085772E+002 -0.574329820596547E+001 -0.740624188410318E+001 -0.573909413170281E+001
  0.100000000000000E+001  0.498553568003416E+003 -0.369679353052233E+001 -0.146432724727819E+001  0.321399644964006E+001
  0.100000000000000E+001  0.212442169603866E+003  0.528743150441538E+001  0.924066495789192E+001  0.740675767191630E+001
  0.100000000000000E+001  0.548915132804865E+003 -0.799800222777286E+001 -0.279671009298726E+001 -0.965393028490891E+000
  0.100000000000000E+001  0.226622043248886E+004  0.356423093153901E+001 -0.736527261749911E+001  0.705718979616429E+001
  0.100000000000000E+001  0.129454191376100E+003  0.319717911637579E+001  0.211624394102357E+001 -0.270661623786683E+000
  0.100000000000000E+001  0.279327242989216E+004 -0.555053910574113E+001  0.930552537381293E+001 -0.474941434099643E+001
  0.100000000000000E+001  0.880424238506697E+002 -0.211556457545260E+001 -0.822524050160858E+000 -0.368864673918317E+001
  0.100000000000000E+001  0.274022208056173E+003  0.472820375980572E+001  0.905291739159918E+001  0.503941733085781E+001
  0.100000000000000E+001  0.107184847190437E+004 -0.562966256019806E+001 -0.254506886587654E+001  0.446188822654476E+001
  0.100000000000000E+001  0.279013856983375E+004 -0.404177494887034E+001  0.839776717279602E+001 -0.746960187660458E+001
  0.100000000000000E+001  0.261046682817219E+004  0.955884266771589E+000 -0.882087543677660E+001  0.720520933534735E+001
  0.100000000000000E+001  0.841845165312108E+002 -0.486027981981832E+001 -0.651147884469329E+001 -0.422735749405918E+001
  0.100000000000000E+001  0.229186381431270E+004 -0.537158896943148E+001  0.961291636139395E+001  0.381894273338838E+001
  0.100000000000000E+001  0.217504065973475E+004  0.108151541737013E+001  0.896149345802014E+001 -0.576532767645560E+001
  0.100000000000000E+001  0.128791907924270E+003 -0.711062591252379E+001 -0.928712729633245E+001 -0.892886032410019E+001
  0.100000000000000E+001  0.356271319838148E+004 -0.879860693360925E+001  0.994354474310550E+001  0.246870580503120E+001
  0.100000000000000E+001  0.202072030278115E+003  0.988641833367356E+000 -0.220446156606917E+001  0.212290710096977E+001
  0.100000000000000E+001  0.335212336398821E+004  0.995952924853595E+001 -0.806853381686677E+001  0.365506976157457E+001
  0.100000000000000E+001  0.280952881288737E+004 -0.783497279644108E+001  0.618157453652896E+001  0.711470041050428E+001
  0.100000000000000E+001  0.126742812338094E+003  0.225957367616880E+001  0.218925716749654E+001  0.516734333355709E+001
  0.100000000000000E+001  0.293695256871240E+003 -0.452063678249460E+001  0.749430858954172E+000 -0.903496991392978E+000
  0.100000000000000E+001  0.245478314521138E+004  0.363800200068331E+001 -0.659141055302423E+001  0.878443349694839E+001
  0.100000000000000E+001  0.184932578822977E+004 -0.294011749409480E+001  0.804463113877554E+001  0.936056867816068E+001
  0.100000000000000E+001  0.174713573766460E+004  0.259998163960935E+001  0.606812274842035E+001 -0.670845916909371E+001
  0.100000000000000E+001  0.582556688887712E+003 -0.359228100985537E+001 -0.176057213991535E+001 -0.895078908302199E+001
  0.100000000000000E+001  0.171761159439775E+004  0.635318179676766E+001  0.402300611246155E+001 -0.597153484775188E+001
  0.100000000000000E+001  0.204108757255115E+004 -0.491109210682019E+001  0.112900703889407E+000  0.917423959360393E+001
  0.100000000000000E+001  0.333987161384033E+004  0.188674905917120E+001 -0.981522815394134E+001  0.819074129456012E+001
  0.100000000000000E+001  0.114455054968004E+004 -0.575986829604295E+001 -0.351529051532672E+001  0.440755317052741E+001
  0.100000000000000E+001  0.448043881580989E+004  0.915640669328077E+001 -0.980455361483315E+001  0.779443195383872E+001
  0.100000000000000E+001  0.131270970539649E+004  0.170699082470974E+001 -0.838556903356478E+001 -0.783360135018280E+001
  0.100000000000000E+001  0.748239551364542E+002 -0.467011155437771E+001 -0.229368311085568E+001 -0.276315726019621E+001
  0.100000000000000E+001  0.120712472768190E+003  0.449623461393139E+001  0.300888788897393E+001  0.614903022144032E+001
  0.100000000000000E+001  0.415816183164412E+003 -0.440370528927116E+001 -0.831663953741348E+001 -0.214668351045347E+001
  0.100000000000000E+001  0.585314159950603E+003  0.723669632881938E+000 -0.345350842110025E+001 -0.684017343427895E+001
  0.100000000000000E+001  0.905482886451994E+003  0.405156588259686E+001 -0.538194951937538E+001  0.391306529353537E+000
  0.100000000000000E+001  0.155645448985458E+004 -0.315521578578852E+001 -0.997023885833765E+000  0.855541763538477E+001
  0.100000000000000E+001  0.770319027444838E+003  0.943219360730685E+001  0.983856031503543E+000  0.652176713840493E+001
  0.100000000000000E+001  0.467546223057123E+002 -0.373936272479596E+001 -0.528089923037583E+001 -0.473305363909727E+001
  0.100000000000000E+001  0.478704143672263E+003  0.394470971315168E+000 -0.635451581041261E+001 -0.190091877121486E+001
  0.100000000000000E+001  0.170540041159919E+003  0.689275311906567E+001  0.309531094394821E+001  0.475433048606535E+001
  0.100000000000000E+001  0.635174543148351E+003  0.281460692783394E+001  0.951363258248637E+001  0.270160849505970E+001
  0.100000000000000E+001  0.349677166495404E+004  0.875152628650491E+001 -0.742271906850358E+001  0.873509611209805E+001
  0.100000000000000E+001  0.123147806081330E+004 -0.874212442760154E+001 -0.150556531463241E+001  0.211987679466413E+001
  0.100000000000000E+001  0.263729750519888E+004 -0.837525408521211E+001  0.762409956323829E+001 -0.275524514152460E+001
  0.100000000000000E+001  0.193683760799547E+004 -0.480879514533904E+001  0.628708031947887E+001 -0.651765019015021E+001
  0.100000000000000E+001  0.373874451071599E+003  0.397762312975029E+001  0.913303419634332E+001  0.855902730142459E+001
  0.100000000000000E+001  0.224344876872995E+004  0.505465313482593E+001 -0.938504952232294E+001 -0.548268804338070E+001
  0.100000000000000E+001  0.453043445558356E+003  0.864496129254332E+001  0.216432309773864E+001  0.483398009993552E+001
  0.100000000000000E+001  0.181443702040330E+004 -0.572043075863370E+001  0.653374132344145E+001 -0.442066587147031E+001
  0.100000000000000E+001  0.331454601561094E+003 -0.575187323317463E+000 -0.560313673803985E+001 -0.526318029083152E+001
  0.100000000000000E+001  0.318593212911303E+003  0.738362322850494E+001  0.462210216600776E+001  0.975122810767991E+001
  0.100000000000000E+001  0.206542267481145E+004  0.445246111760737E+001 -0.762788652768834E+001 -0.824261258051793E+001
  0.100000000000000E+001  0.143540531182063E+004  0.796941926447389E+001 -0.165430532045171E+001 -0.301133531046854E+001
  0.100000000000000E+001  0.372647941550196E+003  0.991132299960953E+000  0.103984240723840E+001 -0.426275685547908E+001
  0.100000000000000E+001  0.697892463712340E+003 -0.239509229459555E+001  0.553119686305658E+001 -0.696248052367461E+000
  0.100000000000000E+001  0.574953553758139E+003  0.157659954922237E+001 -0.523077847402211E+000  0.679098716692520E+001
  0.100000000000000E+001  0.663022469054966E+003  0.899128212777851E+001  0.101749653592157E+001  0.514002514904520E+001
  0.100000000000000E+001  0.311267309662745E+004  0.955199525640096E+001 -0.724614598351454E+001 -0.351191886760407E+001
  0.100000000000000E+001  0.181792153638772E+004  0.548264259208825E+001 -0.602748793205556E+001 -0.631658641250825E+001
  0.100000000000000E+001  0.720562806662103E+003 -0.778548872963408E+001 -0.634540442807783E+000 -0.338998642615733E+000
  0.100000000000000E+001  0.893108526840200E+003 -0.955488218225724E+001 -0.856882801955527E+001 -0.112357485217945E+001
  0.100000000000000E+001  0.620230600048508E+003  0.606714962802244E+001  0.410671055561572E+001 -0.146570790885250E+001
  0.100000000000000E+001  0.235228630074804E+004  0.705480615968075E+001 -0.824735340850084E+001 -0.143349640304334E+001
  0.100000000000000E+001  0.187384732444240E+004  0.575074868546115E+001  0.627791787395327E+001 -0.581585491694861E+001
  0.100000000000000E+001  0.415742691107310E+004 -0.931064977528998E+001  0.846249868946590E+001  0.820050492345871E+001
  0.100000000000000E+001  0.944297283885619E+003  0.449652239884833E+001 -0.277961938769371E+001 -0.470881287632224E+001
  0.100000000000000E+001  0.617824824428946E+003 -0.673047317349271E+001 -0.402121323973201E+001  0.945453693742562E+000
  0.100000000000000E+001  0.418746670283422E+003 -0.747126158044522E+000 -0.173090465512096E+001 -0.670789959064909E+001
  0.100000000000000E+001  0.270016530712205E+003  0.802117878956743E+001  0.367452624319070E+001  0.386011032734661E+001
  0.100000000000000E+001  0.949720768681735E+003  0.421989533707599E+001 -0.559199756089699E+000  0.908668327700634E+001
  0.100000000000000E+001  0.120219763884378E+004 -0.611142036565433E+000 -0.144726230179541E+001  0.841790509073326E+001
  0.100000000000000E+001  0.153667133224395E+004 -0.675567975219896E+001 -0.866157385044121E+001  0.283256446538356E+001
  0.100000000000000E+001  0.696920355732344E+003  0.843077507866594E+001  0.134793032910248E+001  0.832095236378970E+001
  0.100000000000000E+001  0.364373645760768E+004 -0.968371984733455E+001  0.422925431601143E+001  0.858530803899322E+001
  0.100000000000000E+001  0.912567837802135E+003  0.332977649948761E+001  0.938434505686524E+001  0.724955709834263E-001
  0.100000000000000E+001  0.545202057305419E+003  0.261877475979999E+001 -0.416713731779964E+001 -0.324632710667859E+001
  0.100000000000000E+001  0.379546412660759E+004  0.339161162345957E+001 -0.932863205346773E+001  0.980386011580468E+001
  0.100000000000000E+001  0.900513063834753E+003 -0.131831121775475E+001  0.490219269559912E+001 -0.441028264283372E+001
  0.100000000000000E+001  0.268488230633194E+003 -0.314407039630638E+000 -0.252502413665242E+001  0.263332207710331E+001
  0.100000000000000E+001  0.275135288354233E+004  0.878068550303392E+001 -0.718677507234937E+001  0.463789451093766E+001
  0.100000000000000E+001  0.287080904463172E+004  0.515350381683292E+001  0.983016173850881E+001 -0.658849887647321E+001
  0.100000000000000E+001  0.891441769919916E+003  0.793570720852140E+001 -0.112429426095115E+000 -0.301074041827596E+000
  0.100000000000000E+001  0.231850589172352E+004  0.316363543044058E+000  0.797910407392537E+001 -0.724508061221993E+001
  0.100000000000000E+001  0.127520373532123E+004  0.136053947719265E+001 -0.977154397508521E+001 -0.523004163800902E+001
  0.100000000000000E+001  0.287343135382941E+004 -0.976094838407288E+001 -0.377484846324420E+001  0.695123160013444E+001
  0.100000000000000E+001  0.109678748699145E+003  0.275806108222389E+001  0.453406646566430E+001  0.573263783358805E+001
  0.100000000000000E+001  0.953503646303992E+003 -0.175089177733277E+001  0.794766609526355E+001  0.344579792413111E+001
  0.100000000000000E+001  0.123108576522739E+004  0.866491281836834E+000 -0.683665980955847E+001  0.392486881320655E+001
  0.100000000000000E+001  0.167438693562394E+004  0.668235345323861E+001 -0.517973127108811E+001  0.518055169977236E+001
  0.100000000000000E+001  0.138099602213329E+004  0.191230362716533E+001 -0.665672151261413E+001  0.458906492883066E+001
  0.100000000000000E+001  0.106957005484724E+004 -0.352503088971055E+001  0.518788859678798E+001  0.560450086293347E+001
  0.100000000000000E+001  0.601120804840007E+003 -0.568484094411190E+001  0.151287673008224E+001  0.375817919030335E+000
  0.100000000000000E+001  0.285530348109916E+004  0.991825951660518E+001  0.364691722771251E+001 -0.678983624105997E+001
  0.100000000000000E+001  0.261868152667556E+003  0.425744700131375E+001 -0.259724557020855E+000 -0.401198740012365E-001
  0.100000000000000E+001  0.102414581736342E+004  0.197227916394544E+001  0.620455886531073E+001 -0.385966911614758E+001
  0.100000000000000E+001  0.109339711022675E+004  0.144419133326498E+001 -0.308969770449501E+001 -0.892097219122737E+001
  0.100000000000000E+001  0.252226056124627E+003  0.197061451827711E+001  0.667891172965874E+001  0.510899605745383E+001
  0.100000000000000E+001  0.111838045372692E+004  0.891517333068257E+000 -0.813554417613634E+001 -0.816853079418931E+001
  0.100000000000000E+001  0.908627377593116E+003  0.492102979867887E+001  0.624330847459417E+001 -0.255123055825955E+001
  0.100000000000000E+001  0.950310080035102E+003  0.329654761265822E+001 -0.565371164305545E+001  0.216036254164150E+001
  0.100000000000000E+001  0.141154545542297E+004 -0.946521058967631E+001 -0.807775312963638E+001  0.133362033931254E+001
  0.100000000000000E+001  0.641432652485562E+002  0.792646731923882E+001  0.740663340121763E+001  0.767603577353757E+001
  0.100000000000000E+001  0.629526612935179E+003  0.146766384321417E+000  0.621769702855489E+001 -0.121087310146706E+001
  0.100000000000000E+001  0.135801703945689E+004  0.616301589826380E+000  0.435691773665196E+001 -0.706720138910627E+001
  0.100000000000000E+001  0.613309475568423E+003 -0.493149020712202E-001  0.630243012648422E+001 -0.802768998525103E+000
  0.100000000000000E+001  0.623002085927867E+003 -0.392218048960191E+000  0.247393534243334E+001  0.734592044271047E+001
  0.100000000000000E+001  0.275123226387486E+004  0.916538565949907E+001 -0.735721573742799E+001 -0.333815406091131E+000
  0.100000000000000E+001  0.543630206972011E+003 -0.361666971977481E+001  0.332570434096848E+001  0.198899044896236E+001
  0.100000000000000E+001  0.728093911386268E+002  0.697117738122868E+001  0.538828368463694E+001  0.679249317709059E+001
  0.100000000000000E+001  0.141311718179199E+004  0.261615318077351E+001 -0.846969180051919E+001 -0.645683704241695E+001
  0.100000000000000E+001  0.297520129726854E+003  0.402720382081850E+001  0.433688046882774E-001  0.513940442446311E+001
  0.100000000000000E+001  0.146631039298086E+003 -0.261671600268530E+001  0.480000374946505E+000  0.867406561035171E+000
  0.100000000000000E+001  0.936814305446026E+003  0.355077218788802E-002  0.801826878499004E+001  0.844953979539027E+001
  0.100000000000000E+001  0.167147638313290E+004  0.771677955310204E+000  0.884654721326874E+001 -0.391635633622279E+001
  0.100000000000000E+001  0.525232155836834E+003 -0.663544682117434E+001 -0.846705728027854E+001 -0.168588271574793E+001
  0.100000000000000E+001  0.434137843129860E+003  0.478304353832464E+001  0.110274618686892E+000 -0.155888668152241E+001
  0.100000000000000E+001  0.753544240678579E+003  0.249109517237791E+001  0.624412168301084E+001 -0.238220330940901E+001
  0.100000000000000E+001  0.299001524409557E+004  0.719266572827590E+001  0.442089056770276E+001 -0.897107279500988E+001
  0.100000000000000E+001  0.446107330531991E+004  0.906753715153123E+001  0.846509383787084E+001 -0.950136727665712E+001
  0.100000000000000E+001  0.323329523708135E+004 -0.774445049923623E+001  0.818759560957570E+001 -0.696962755489384E+001
  0.100000000000000E+001  0.156454778294887E+004 -0.425389808681771E+001  0.722582324941810E+001  0.570613477080144E+001
  0.100000000000000E+001  0.290200182707453E+004  0.873594602581468E+001 -0.656064417824302E+001 -0.539521030001235E+001
  0.100000000000000E+001  0.117453758857025E+004  0.541184954499895E+001 -0.542069689986852E+001  0.190440892788672E+000
  0.100000000000000E+001  0.131641320367352E+004 -0.886716533519389E+001  0.214891081330690E+001 -0.675806052379895E+000
  0.100000000000000E+001  0.318317335539331E+004 -0.667890229495801E+001  0.821532300903151E+001  0.921328884562512E+001
  0.100000000000000E+001  0.180740693806229E+004 -0.128821322914565E+001  0.689084714234490E+001 -0.643625536515967E+001
  0.100000000000000E+001  0.161018295016859E+004  0.433255774499885E+001 -0.717763037121766E+001  0.319864372139580E+001
  0.100000000000000E+001  0.104142564468052E+004 -0.914002610143554E+001 -0.776890196505591E+000 -0.968027975290065E+001
  0.100000000000000E+001  0.158362720616895E+004  0.525865232883450E+001 -0.727925995935615E+001 -0.122039089437020E+000
