  0.675963108622391E-002  0.451337573787347E-002  0.907828024653723E-002 -0.293566698211216E+000
  0.872159895379676E-001  0.100223199142007E+000  0.770963832150939E-001 -0.300148625281772E+000
 -0.925368463516651E-001 -0.749712086239829E-001 -0.633650106122818E-001 -0.300816220830918E+000
  0.477638586210416E-002 -0.240062354837334E-001  0.104064628313294E-001 -0.300257738363128E+000
 -0.167247689682015E-002 -0.954568980180537E-002  0.915395234989180E-002 -0.295201858334476E+000
 -0.286463011696969E-001 -0.408955372331488E-001 -0.695312284368155E-001 -0.303355677459946E+000
  0.144846264594016E+000  0.146473959516280E+000  0.143609018325928E+000 -0.304351450489497E+000
 -0.308466321155332E-001 -0.539004577538604E-001 -0.264710909960475E-001 -0.298492899085171E+000
 -0.327685361347052E-001 -0.689103818663972E-001 -0.172788325861373E-001 -0.308291903372594E+000
 -0.711154800944869E-001 -0.104952948379756E+000 -0.926391690207251E-001 -0.303454578703402E+000
  0.879580889401543E-002  0.153763337747792E-001  0.541029326232279E-001 -0.305776781025204E+000
 -0.675575097519665E-001 -0.579087445734106E-001 -0.199950444190711E-001 -0.307297179889691E+000
  0.152625308856760E+000  0.155482153973052E+000  0.161986323408749E+000 -0.306599478565187E+000
  0.122570640701689E+000  0.139039193797945E+000  0.133197389039379E+000 -0.303791123901041E+000
  0.591479193496003E-002 -0.436685750123944E-001 -0.849827431437467E-002 -0.306572296145982E+000
 -0.340414131277056E-001 -0.675858879654434E-001 -0.232688745462295E-001 -0.305019448812273E+000
 -0.203858008733604E-001 -0.459660317015487E-001 -0.146868007680778E-001 -0.299366846961324E+000
 -0.144781854020881E-001  0.372095158416319E-001  0.743845894078499E-002 -0.306951917791953E+000
  0.135763402610487E+000  0.123026382229070E+000  0.152661438033244E+000 -0.307588165502880E+000
  0.170609566473656E-001  0.195782395980526E-001  0.125761702227267E-001 -0.293829495372103E+000
 -0.994500897304784E-001 -0.945054302838655E-001 -0.113535493889765E+000 -0.300822616150978E+000
  0.776262419459650E-001  0.588680452212920E-001  0.358446481590802E-001 -0.303904459620521E+000
  0.105973053953277E+000  0.135531211332294E+000  0.107143548433704E+000 -0.306027678322938E+000
 -0.941856156210796E-001 -0.118724856498627E+000 -0.880673247930142E-001 -0.303909854017729E+000
  0.773956363616080E-001  0.490927836333466E-001  0.867701613697913E-001 -0.303747502926530E+000
 -0.685501759491869E-001 -0.100968969543342E+000 -0.962011781290395E-001 -0.303624211257021E+000
 -0.116971631206497E-001 -0.168134216064009E-001 -0.383992504583475E-001 -0.297713074410864E+000
 -0.684436756321327E-001 -0.529084510062749E-001 -0.207326745304237E-001 -0.306442141062365E+000
 -0.119003884353553E+000 -0.112179171702366E+000 -0.111478397769371E+000 -0.300532459761963E+000
 -0.687187148886603E-002  0.352104894394700E-001  0.271045401906367E-001 -0.303585451542617E+000
 -0.261298261240173E-001 -0.592698631650501E-001 -0.489929988407345E-001 -0.300232041281777E+000
 -0.123382953946966E+000 -0.107607619631078E+000 -0.985475959557669E-001 -0.302838943824208E+000
 -0.245996154702488E-001 -0.238510836709505E-001 -0.674270815389910E-001 -0.306655798290189E+000
  0.697352255919004E-001  0.934952390035293E-001  0.603626989801298E-001 -0.302145733030080E+000
  0.394106375601910E-001  0.125385062943240E-001  0.109447669700868E-001 -0.298782554526912E+000
 -0.459217320134309E-001 -0.553834345737592E-001 -0.567887253755517E-001 -0.295573746878650E+000
 -0.520007262530542E-002  0.255104968363762E-001  0.476958037470854E-001 -0.307815492551822E+000
 -0.457944676134825E-001 -0.377174682060910E-001 -0.226763520882900E-001 -0.296839805665832E+000
  0.400996843013912E-001 -0.846515005826998E-002  0.361225125535269E-001 -0.308243948426003E+000
  0.515463977645747E-001  0.824939814742875E-001  0.622652674614610E-001 -0.300592895103068E+000
 -0.212986818756289E-001 -0.398640456268684E-001  0.616812920828380E-002 -0.304339376191880E+000
 -0.628773692491236E-001 -0.964702859525901E-001 -0.106444971485607E+000 -0.307919174659099E+000
 -0.568916702891265E-001 -0.778395572742185E-001 -0.613974871394285E-001 -0.298080938129680E+000
 -0.310285232198382E-001 -0.561234778330766E-001 -0.319286862066992E-001 -0.298306832432729E+000
  0.106534280052959E+000  0.674929942511993E-001  0.107198118281973E+000 -0.308321164411587E+000
 -0.899394142934162E-001 -0.113566451098115E+000 -0.103286112715125E+000 -0.301654820976596E+000
  0.973745848996899E-001  0.743393563802308E-001  0.671084591921400E-001 -0.301713120218793E+000
 -0.123102205238833E+000 -0.997763671133123E-001 -0.120395456251772E+000 -0.303466166147373E+000
 -0.414710264909102E-001 -0.691804035180377E-001 -0.228015796235070E-001 -0.305353417956788E+000
 -0.166495246366516E-001 -0.310974620324511E-001  0.923552295297281E-002 -0.301875692947456E+000
 -0.122678927015186E+000 -0.141599909500544E+000 -0.104614988965263E+000 -0.308100182711233E+000
  0.995675060909451E-001  0.803050589203758E-001  0.628049496424365E-001 -0.303585918047960E+000
  0.146463342946690E+000  0.142328807702508E+000  0.121350650860359E+000 -0.306732427494760E+000
 -0.524073353089360E-001 -0.536930542892855E-001 -0.545038524380115E-001 -0.294943445241209E+000
 -0.102392457988234E+000 -0.108082276141875E+000 -0.771060458534334E-001 -0.303629401953997E+000
 -0.269294417454380E-002 -0.747345802139088E-002 -0.162702042398755E-001 -0.294427454379113E+000
 -0.124782739228342E+000 -0.144345359051307E+000 -0.151617339332434E+000 -0.307464889350518E+000
 -0.282533191763457E-001 -0.133788556065551E-001 -0.532504366165665E-001 -0.302075586743064E+000
  0.202112528186560E-001  0.274819297172346E-001 -0.841517819670345E-002 -0.300730484523526E+000
  0.102901895062748E+000  0.986460485360041E-001  0.633378303365584E-001 -0.306904794612452E+000
 -0.405324470884028E-001 -0.297985627567243E-001 -0.327509448270391E-001 -0.294664326554482E+000
  0.235438440099034E-001  0.401209865206598E-001  0.294103225097597E-002 -0.300632411699171E+000
  0.202611015785559E-001  0.266416227752919E-001  0.596050490377475E-001 -0.303008125576272E+000
 -0.446025669219774E-001 -0.164523066240463E-001 -0.588196757240533E-001 -0.303563075652677E+000
 -0.114211780556104E+000 -0.803327199063031E-001 -0.844165484292703E-001 -0.304751813756041E+000
  0.957512178748376E-001  0.119880517847497E+000  0.129099870259763E+000 -0.306199746699738E+000
  0.986409468277549E-001  0.130261125038766E+000  0.106866884966896E+000 -0.305300691096099E+000
 -0.944814944039074E-001 -0.971821154485952E-001 -0.843650925510553E-001 -0.298730572918518E+000
 -0.138366247798072E-001 -0.392446650541400E-001 -0.486272486776773E-001 -0.300513176328998E+000
  0.114148567636825E+000  0.794195435948519E-001  0.113738992761825E+000 -0.306813137572005E+000
  0.867895384456774E-001  0.551842379769241E-001  0.646790825081722E-001 -0.301152759299309E+000
  0.694672477278568E-001  0.869016039939807E-001  0.728022623306113E-001 -0.298169952637451E+000
 -0.331056221405257E-001 -0.591631135090398E-001 -0.551344312626068E-001 -0.298622384474801E+000
 -0.140749960053147E+000 -0.136977509586182E+000 -0.119502452964179E+000 -0.305077396450580E+000
  0.326576841598847E-001  0.697572241914912E-002 -0.175941332552887E-001 -0.306094897116169E+000
 -0.113159514443347E+000 -0.127907411445300E+000 -0.123258144818829E+000 -0.302204008871132E+000
  0.170039756305522E+000  0.159415266349696E+000  0.165851750991630E+000 -0.308110875912178E+000
  0.507957154822236E-001  0.566331673278486E-001  0.298057866036028E-001 -0.298502275634027E+000
 -0.146930132951517E-001 -0.403025399778800E-001 -0.316995997979774E-001 -0.297267592831619E+000
 -0.103165768587175E+000 -0.111562426353409E+000 -0.117727454938787E+000 -0.300859320978654E+000
  0.551617498371071E-001  0.368410038671718E-001  0.671229061694079E-001 -0.299546298376547E+000
 -0.117820704225440E+000 -0.150953352204931E+000 -0.129119578279709E+000 -0.308211342797150E+000
  0.354984271815884E-001  0.742548473022575E-001  0.329638783030872E-001 -0.305320707139536E+000
  0.149563101664312E+000  0.141008740578890E+000  0.158077943220760E+000 -0.306463682679633E+000
 -0.316157848896714E-001 -0.222888213076278E-001  0.151476742919865E-001 -0.305776037352855E+000
  0.120134952575848E+000  0.935693560523698E-001  0.754594809246023E-001 -0.308342848604840E+000
 -0.205172168809120E-001  0.107642599370994E-001  0.321634190762765E-001 -0.307506572309904E+000
  0.142133707215826E+000  0.113281524017719E+000  0.122154976111069E+000 -0.305999543306863E+000
  0.477818982809497E-001  0.734192015943358E-001  0.279024899471803E-001 -0.305130499624578E+000
 -0.406903899593980E-001 -0.883872592020940E-001 -0.623665935132145E-001 -0.306951481937426E+000
 -0.213952108776017E-001 -0.299859872015606E-001 -0.630425418927627E-001 -0.303861278637346E+000
 -0.111121640722761E+000 -0.942920931277524E-001 -0.122244289984195E+000 -0.303569704581769E+000
 -0.112656065249384E+000 -0.126202731673488E+000 -0.139832111809899E+000 -0.305373163857471E+000
  0.970919908767964E-001  0.884422974154742E-001  0.118789140118249E+000 -0.303649647489781E+000
 -0.736680988555694E-001 -0.697465870102609E-001 -0.442609405904337E-001 -0.300561880139191E+000
  0.783341241909685E-001  0.882029254387739E-001  0.114147605485297E+000 -0.304810253843765E+000
  0.583673764016290E-001  0.413119211368174E-001  0.282640249296273E-001 -0.298937296458498E+000
 -0.417511995140307E-001 -0.573283521411472E-001 -0.517054213858004E-001 -0.295989872659664E+000
 -0.471792808194893E-001 -0.354646037979800E-001 -0.628494036579719E-001 -0.298430975581717E+000
  0.608838084449448E-001  0.847163079609992E-001  0.726224754653981E-001 -0.299015689764452E+000
 -0.329971224105241E-001 -0.702858546769736E-001 -0.246339113615934E-001 -0.306194057296523E+000
 -0.111459539118951E+000 -0.136487699497173E+000 -0.143782771077707E+000 -0.308005858718092E+000
  0.806201622087954E-001  0.549059668630258E-001  0.870857165909267E-001 -0.302081940905133E+000
 -0.197268907428538E-001 -0.266647806033837E-001  0.122756484283881E-001 -0.302134431675394E+000
 -0.698033545511489E-001 -0.425693132222782E-001 -0.378816284802963E-001 -0.300678399441440E+000
  0.120685387433590E+000  0.125361074310522E+000  0.136396442973410E+000 -0.303146185277286E+000
 -0.535829273670796E-001 -0.257629885950617E-001 -0.588781997684074E-001 -0.300865422187823E+000
  0.561573089324585E-001  0.272555376282546E-001  0.355364413936421E-001 -0.298682204730385E+000
  0.292258928405742E-001 -0.598614991492274E-002  0.933627676244164E-002 -0.299733888033062E+000
  0.927472277735486E-002  0.251598201483905E-001  0.376971669118009E-001 -0.297795572309918E+000
  0.275034361725957E-001  0.447917311501511E-001  0.144398874714802E-001 -0.298506968680407E+000
  0.448574736475149E-001  0.468946154012073E-001  0.166260455241041E-003 -0.307874247087395E+000
  0.131038247589625E+000  0.119598790543534E+000  0.116550663157355E+000 -0.302354169550652E+000
 -0.870002170121809E-001 -0.592234635175626E-001 -0.679924967227985E-001 -0.300108426757314E+000
 -0.139094882985826E+000 -0.132905692338141E+000 -0.123454309415131E+000 -0.303667187489562E+000
 -0.961404662794030E-001 -0.482082413587670E-001 -0.811524634026939E-001 -0.308386020343928E+000
 -0.724811699936156E-001 -0.909034660813768E-001 -0.117327689408415E+000 -0.308130165845906E+000
  0.131911262103130E+000  0.139956506826835E+000  0.154786145636192E+000 -0.306593408390348E+000
  0.882731623882194E-002 -0.438162014875820E-001 -0.170032836115408E-001 -0.307452358092695E+000
  0.525092105033065E-001  0.483828724059165E-001  0.569602496009480E-001 -0.295238759391347E+000
  0.807247839014380E-001  0.827533067322084E-001  0.763471643291469E-001 -0.296958610980953E+000
  0.544163411882970E-001  0.396266382202115E-001  0.542676697817690E-001 -0.296146559358207E+000
 -0.537580058297737E-001 -0.738150946108207E-001 -0.852002804606289E-001 -0.301108982710716E+000
 -0.981678368331962E-001 -0.875962648952988E-001 -0.124082396594063E+000 -0.306004749306760E+000
  0.578188235291810E-001  0.488693133960294E-001  0.367770512935683E-001 -0.296851825452556E+000
  0.100266034611232E+000  0.688383593771169E-001  0.804921948032833E-001 -0.302067450294408E+000
  0.109982007755249E-002 -0.185604252727045E-001  0.146388157992861E-001 -0.299012549704725E+000
  0.390422856993644E-001  0.448561555308702E-002  0.317535897211463E-001 -0.300400504804800E+000
 -0.130018943947217E+000 -0.109468034622298E+000 -0.977891880337212E-001 -0.305301325443626E+000
  0.397511263211303E-001  0.373496263663387E-001  0.618028913167357E-001 -0.298180923601792E+000
 -0.959262184170639E-001 -0.110851222801225E+000 -0.781177785539566E-001 -0.303474615041465E+000
  0.559693830370334E-001  0.246223161954973E-001  0.522580523572946E-001 -0.300320163108672E+000
 -0.338118127190079E-001 -0.197646532269191E-001 -0.279624293496950E-001 -0.294816602542765E+000
  0.742697615437349E-001  0.833589556480119E-001  0.976854867701871E-001 -0.299972175726498E+000
 -0.574397189986431E-001 -0.410501982280376E-001 -0.318953947939549E-001 -0.297765522712760E+000
  0.235241268522302E-001 -0.183023591551756E-002  0.699113534157192E-003 -0.297368255172410E+000
 -0.580840439319308E-001 -0.217240072585290E-001 -0.701970155278353E-001 -0.307459914958040E+000
 -0.949964982699214E-001 -0.116078439052888E+000 -0.119892859855298E+000 -0.303330168134835E+000
 -0.216638271052882E-001 -0.456399386736683E-001 -0.681742914390238E-001 -0.305313120523106E+000
  0.928551194536986E-001  0.998169331278165E-001  0.596859363399527E-001 -0.306295921299070E+000
 -0.114327972357572E+000 -0.108679542696033E+000 -0.783554871405145E-001 -0.306143124512571E+000
  0.335629168916518E-001  0.475136006204147E-001  0.596557668054887E-001 -0.297986581351136E+000
 -0.425916503203416E-001 -0.286098968509252E-001 -0.171273329097665E-001 -0.297139652066600E+000
 -0.644000023031022E-001 -0.608620030134643E-001 -0.182284664731469E-001 -0.307828488703777E+000
 -0.149090200816414E+000 -0.158004593389275E+000 -0.144316070261584E+000 -0.306115163680848E+000
  0.870842379684267E-001  0.103209822450983E+000  0.705363457714570E-001 -0.302686686026273E+000
  0.735735348633471E-001  0.267207116730872E-001  0.398564555093439E-001 -0.306249478557457E+000
  0.959049821067604E-001  0.831286830942202E-001  0.118372379206526E+000 -0.304889167854758E+000
 -0.246987204575611E-002  0.177833649481141E-001 -0.537438769500409E-002 -0.296627409659665E+000
 -0.267952277016548E-001 -0.101456758855412E-001 -0.573082410521231E-001 -0.305391069831527E+000
 -0.521311133952107E-001 -0.967842649692630E-002 -0.533357597871031E-001 -0.306566155694859E+000
  0.981147801558513E-001  0.105816454295526E+000  0.114414572303010E+000 -0.300592820872694E+000
 -0.145365280574975E+000 -0.137613758031432E+000 -0.119858846826874E+000 -0.306184707650396E+000
  0.451216586531422E-001  0.300550373108055E-001  0.225247556538699E-001 -0.296635051561804E+000
 -0.673734952759619E-001 -0.869787911643316E-001 -0.592762170043470E-001 -0.300119405740801E+000
 -0.266640812338403E-002 -0.365307609011045E-001  0.168205304379287E-001 -0.308043789390585E+000
  0.199963271587222E-002 -0.143594288432036E-001 -0.712451101322120E-002 -0.294804555944651E+000
 -0.132567818908872E+000 -0.151451680547896E+000 -0.131398458654571E+000 -0.305890294657605E+000
 -0.246443836859911E-001 -0.581354752144247E-001 -0.618734519339803E-001 -0.303046687325598E+000
  0.505217847039829E-001  0.373798305375916E-001  0.832616065661940E-001 -0.306288235702906E+000
 -0.342844621909089E-001  0.122110230363126E-001  0.821540256476405E-002 -0.306729843747837E+000
  0.924097397215928E-001  0.118720507582235E+000  0.128203307194525E+000 -0.306934218134194E+000
  0.577368771725539E-001  0.534723050196995E-001  0.781826009072817E-001 -0.298989521954097E+000
  0.156316438452584E+000  0.134033515609167E+000  0.142571708448340E+000 -0.306737849229090E+000
 -0.729665769084009E-001 -0.491287404274932E-001 -0.642513324137317E-001 -0.298344024200565E+000
  0.208985178376864E-001 -0.101683800870944E-001  0.117946427808269E-001 -0.298569210377422E+000
  0.720448369935545E-001  0.524245094897990E-001  0.849603497520635E-001 -0.301327258796716E+000
 -0.642952649542849E-001 -0.831602672837584E-001 -0.108206875339451E+000 -0.306900038849081E+000
 -0.106296530924044E+000 -0.100501604399663E+000 -0.815489324673602E-001 -0.301567849091963E+000
 -0.124605323051874E+000 -0.103454247982994E+000 -0.140009803008216E+000 -0.307961199722522E+000
  0.236254764024424E-001 -0.874858494097408E-002  0.410006476682589E-001 -0.306368012281270E+000
  0.583324119050599E-001  0.706546565698618E-001  0.541473753691535E-001 -0.296838987314262E+000
 -0.346735588328861E-001 -0.494713100512012E-001 -0.612735647834306E-001 -0.298206768427998E+000
  0.423544938936571E-001  0.895299204301625E-001  0.711475812077067E-001 -0.307116018315028E+000
 -0.139620790427628E+000 -0.147525822748458E+000 -0.123588946273997E+000 -0.306109254881468E+000
  0.507197189234954E-001  0.335912994577114E-001  0.839922374164215E-001 -0.308202284072326E+000
  0.835787429066692E-001  0.110005243908766E+000  0.708164653527721E-001 -0.305446359493449E+000
 -0.677318528327364E-001 -0.338990752738066E-001 -0.345659145860999E-001 -0.301988365609337E+000
 -0.298932344947078E-001 -0.205781047711606E-001  0.117660738606373E-001 -0.303086177137001E+000
  0.116771026896183E+000  0.118898170280068E+000  0.121240677038483E+000 -0.300859618094771E+000
  0.154662717214904E+000  0.142971077593144E+000  0.132977636881297E+000 -0.306451393021624E+000
  0.202342208768802E-001  0.324179776862077E-001  0.155963353582944E-001 -0.295216126338879E+000
 -0.580470352391471E-001 -0.446485863978430E-001 -0.426654920584402E-001 -0.296053197162703E+000
 -0.182649056450135E-001 -0.343727467535226E-001  0.146063384670825E-001 -0.305984926637507E+000
 -0.132433982945315E+000 -0.107540302156590E+000 -0.103263529426330E+000 -0.305172515449963E+000
  0.127579751485445E+000  0.136181984151849E+000  0.145538178283457E+000 -0.304680122597078E+000
  0.886582242715139E-001  0.128121638531060E+000  0.110604307666688E+000 -0.307417982449979E+000
 -0.127408373633221E+000 -0.140137207500767E+000 -0.120807346214368E+000 -0.304037196526007E+000
  0.548355558910463E-001  0.424133345112288E-001  0.692699864005086E-001 -0.298645435661103E+000
 -0.747559692244826E-001 -0.430538012180004E-001 -0.753617183905197E-001 -0.302413900666619E+000
 -0.148390941780252E-001 -0.259212987045376E-001 -0.463163856923243E-002 -0.295824633900989E+000
  0.979041331498021E-001  0.117383767102457E+000  0.796732882918283E-001 -0.305551815588096E+000
 -0.100567376567156E+000 -0.878970057839834E-001 -0.122369415397936E+000 -0.305072147110336E+000
  0.343417746730590E-001  0.660542397392572E-001  0.141971512987560E-001 -0.307862196888500E+000
 -0.906908224334924E-001 -0.104382343887341E+000 -0.667483480341202E-001 -0.304635103719986E+000
  0.406559666785733E-001  0.397918990130330E-001  0.535439488928380E-001 -0.295657074423472E+000
  0.488742674223253E-001  0.191726911583645E-002  0.246550441018001E-001 -0.304794287978211E+000
  0.106272853518337E+000  0.972841832388216E-001  0.100711273358425E+000 -0.299170912875212E+000
 -0.120019522133477E+000 -0.857997811767153E-001 -0.769519874395752E-001 -0.308381029597571E+000
  0.136881295710283E+000  0.138090196477105E+000  0.151263267871464E+000 -0.305152622624637E+000
  0.200618726952206E-001 -0.208107055650775E-002  0.474613948708380E-001 -0.306003157763188E+000
  0.572246680941779E-001  0.384465371392317E-001  0.689755230103373E-001 -0.299739056158672E+000
 -0.488453508501374E-001 -0.514110720248129E-001 -0.530686979854844E-001 -0.294880320801455E+000
 -0.201579694447918E-001 -0.695964760347068E-001 -0.519574489530616E-001 -0.307147874512719E+000
 -0.106708035237139E+000 -0.138264455576375E+000 -0.124162422315001E+000 -0.306267531390731E+000
 -0.126971568019126E+000 -0.115306820419824E+000 -0.124149896871125E+000 -0.301896103860183E+000
  0.576440473990147E-001  0.838951396199650E-001  0.402168227486532E-001 -0.305006016530074E+000
 -0.478188079705288E-001 -0.341152846058135E-001 -0.627202722691367E-001 -0.298734892536290E+000
  0.324847082284774E-001 -0.255701348982784E-002  0.847280642122916E-002 -0.299943943651373E+000
 -0.385258519090004E-001 -0.585252648911905E-001 -0.200827199350118E-001 -0.301620402594782E+000
 -0.912197117882729E-001 -0.126880638013630E+000 -0.114614443977843E+000 -0.306365629316957E+000
 -0.124450952887489E-004 -0.137728637993084E-001 -0.164870622896873E-001 -0.295051792195577E+000
  0.830105147591564E-001  0.508702982557963E-001  0.847889668189916E-001 -0.303475542647271E+000
  0.773517511697985E-001  0.629571890509473E-001  0.798799192500566E-001 -0.297891661057681E+000
  0.148778722749898E-001 -0.797889400257934E-002  0.449325649143129E-002 -0.296065575175370E+000
  0.899802683136253E-001  0.106012436910643E+000  0.687211510366081E-001 -0.304464637927804E+000
  0.137954781515650E+000  0.133942348957343E+000  0.122247746175175E+000 -0.303698780399826E+000
 -0.439571934680294E-001 -0.108504281987420E-001 -0.143078916348660E-001 -0.300336875683406E+000
 -0.815442989211890E-001 -0.103992781952535E+000 -0.650623479341050E-001 -0.304685120167296E+000
 -0.367127971694647E-001 -0.428506662440276E-001 -0.666913461658036E-002 -0.301364048805956E+000
 -0.984439670741444E-001 -0.108493728407121E+000 -0.849008190757006E-001 -0.301136972406411E+000
 -0.112076009685332E+000 -0.906830611706644E-001 -0.844117422559287E-001 -0.302385846275415E+000
  0.395153591556929E-001  0.757909089938313E-001  0.249615646072110E-001 -0.308273947754898E+000
  0.394026509429990E-002 -0.291235146399060E-004  0.291871916143882E-001 -0.298524175688023E+000
 -0.119849420553615E+000 -0.906113443047130E-001 -0.874829104536656E-001 -0.304914587540894E+000
  0.313657494801634E-001 -0.482860473963065E-002 -0.111114136008539E-001 -0.303965084519711E+000
 -0.441598535510157E-001 -0.297763624626235E-001 -0.219695687198418E-001 -0.296501442573135E+000
 -0.637120902897881E-001 -0.697821709664437E-001 -0.809859114701683E-001 -0.297618321571590E+000
  0.658928031483175E-001  0.511735036606509E-001  0.156058207255483E-001 -0.307818625786509E+000
  0.830720432531806E-001  0.704667415454785E-001  0.444480107388157E-001 -0.303450443737859E+000
 -0.103406212151396E+000 -0.943697038389724E-001 -0.817500966104567E-001 -0.300295534192219E+000
  0.698839414218444E-001  0.550559995860267E-001  0.101160315609077E+000 -0.307455659791180E+000
  0.687733596660167E-001  0.107534922192847E+000  0.104511962742724E+000 -0.307267028237023E+000
  0.394293417354818E-001  0.626360032890760E-001  0.790827367449443E-001 -0.303262712415439E+000
 -0.102277606447435E+000 -0.900632782748834E-001 -0.849303774011656E-001 -0.299445257630978E+000
  0.719687643008715E-001  0.378157248947431E-001  0.329105257530737E-001 -0.303662373740199E+000
  0.256758847748673E-001  0.675109354457204E-001  0.729779540394393E-001 -0.308417336625002E+000
 -0.146041887519066E-001  0.147690708022385E-001 -0.122878339491672E-001 -0.298781240779719E+000
 -0.372705289452002E-001 -0.569450930872684E-002 -0.305869122405689E-001 -0.299287432648250E+000
 -0.817358639232901E-001 -0.804910469925524E-001 -0.646694431043604E-001 -0.298207879090278E+000
  0.317012353972412E-002 -0.493835242931118E-002 -0.265657625378146E-001 -0.298210550591241E+000
  0.306880786640895E-001  0.259735290253671E-001  0.491525979357887E-001 -0.297083628917600E+000
  0.290085818161923E-001  0.125930549957731E-001  0.626020259387117E-001 -0.307059028003258E+000
 -0.103425917135516E+000 -0.815135811049261E-001 -0.600055068900940E-001 -0.306313791176407E+000
 -0.153909339295213E+000 -0.155105794764610E+000 -0.142266918260836E+000 -0.306149080515275E+000
  0.647226396625844E-001  0.669446378791028E-001  0.101892087646200E+000 -0.305266515325198E+000
 -0.257654171655275E-001 -0.579012577911131E-001 -0.214417806203238E-001 -0.302009290072712E+000
 -0.234434863245370E-002 -0.434977422627225E-001 -0.190227132664444E-001 -0.302249823943203E+000
 -0.109221195218716E+000 -0.126220383590302E+000 -0.889082930940666E-001 -0.306464096402573E+000
  0.786779061676235E-002  0.200181337965599E-001  0.137803345449061E-001 -0.294276799619573E+000
  0.119495537051317E+000  0.143545850422673E+000  0.144432201672482E+000 -0.306984388294004E+000
  0.146350748974675E+000  0.140058799174192E+000  0.138281932864091E+000 -0.304163881421868E+000
 -0.884219931857033E-001 -0.113205084325187E+000 -0.128547100772718E+000 -0.307902601531858E+000
  0.145221819259420E+000  0.150181063189463E+000  0.120763679862936E+000 -0.308352998052173E+000
  0.346311350558359E-001  0.484555164196876E-001  0.347546716333191E-001 -0.295499580149800E+000
 -0.974738044449897E-001 -0.127028102338466E+000 -0.124534692852046E+000 -0.305813437950840E+000
  0.128716112063358E+000  0.107640365890320E+000  0.921539452990716E-001 -0.306376969371671E+000
 -0.835604769779874E-001 -0.613411534745090E-001 -0.473397506048157E-001 -0.302234907752252E+000
  0.629007049874297E-001  0.503488034343369E-001  0.835152556911223E-001 -0.301272185058315E+000
  0.955308337960292E-001  0.634361261190919E-001  0.762833449508071E-001 -0.301837933571538E+000
  0.449197394911716E-001 -0.221158837083624E-002  0.220811789370523E-001 -0.304790274087024E+000
 -0.607918479174030E-001 -0.250804195307075E-001 -0.426832060673077E-001 -0.300765451038109E+000
  0.389675776315013E-001  0.156728270853490E-001  0.518635608282025E-002 -0.299623672767729E+000
  0.783751977321612E-001  0.644087073355815E-001  0.107768651016380E+000 -0.306843619727887E+000
  0.164053563625188E-001 -0.196784069744504E-001 -0.113642133545144E-002 -0.299951669238154E+000
 -0.134933724976897E+000 -0.117545405102663E+000 -0.994051320002565E-001 -0.306867279120598E+000
 -0.884332031672641E-001 -0.853502812556162E-001 -0.956513518675173E-001 -0.298169888968564E+000
  0.136361583692928E+000  0.148982216322344E+000  0.159749326022123E+000 -0.307564863892756E+000
  0.793676695776790E-002 -0.374929500695775E-001 -0.383253922300686E-001 -0.307719315276847E+000
 -0.130618602551436E-001  0.323071426581367E-001  0.285176735821202E-001 -0.306241684200758E+000
  0.118191660972904E+000  0.961204755252432E-001  0.745992831772835E-001 -0.307737791146010E+000
  0.452277722658323E-001  0.340035853900145E-001  0.424489530473915E-002 -0.302809698063395E+000
 -0.110552753334667E+000 -0.103620022613962E+000 -0.109901307552093E+000 -0.299767696216116E+000
  0.840696045048883E-002 -0.172077304691565E-001 -0.112282315894108E-001 -0.297053108328043E+000
 -0.492986975353049E-002 -0.532255017880667E-001 -0.457838647029973E-001 -0.307582560724020E+000
  0.782967499756815E-001  0.109024934366315E+000  0.794308461606441E-001 -0.303599230777247E+000
  0.110270236192480E+000  0.805203391415321E-001  0.647472841021490E-001 -0.307878827682776E+000
 -0.127033981744614E+000 -0.115985618004060E+000 -0.142043880053464E+000 -0.305381503477813E+000
 -0.124907162987036E+000 -0.118257093513491E+000 -0.886826023328946E-001 -0.307204540363944E+000
 -0.757018787107977E-001 -0.978867837160458E-001 -0.115326316593928E+000 -0.306123939498308E+000
 -0.107548337182568E+000 -0.884883882471743E-001 -0.657560118376199E-001 -0.306132982952344E+000
  0.654586878542740E-001  0.391598216809896E-001  0.296162197133443E-001 -0.301365577858976E+000
  0.105334330192914E+000  0.991314271103394E-001  0.633375705555328E-001 -0.307838467777517E+000
  0.994561321641951E-001  0.110528787583957E+000  0.667111636325779E-001 -0.308221472185663E+000
 -0.279267145228335E-001 -0.554379997752619E-001 -0.567499775396263E-001 -0.299864886352386E+000
  0.541255697398202E-001  0.696078830802027E-001  0.253447734388468E-001 -0.304806817975937E+000
  0.121723511411769E+000  0.106782981469771E+000  0.139311015094330E+000 -0.306516008080488E+000
  0.115864508447070E+000  0.877530160053874E-001  0.102916920024247E+000 -0.302798354778969E+000
  0.184929260982059E-001  0.622555532874247E-001  0.542720245068784E-001 -0.305349920381455E+000
 -0.488450714539090E-001 -0.935776355713802E-001 -0.555548665001471E-001 -0.307330469670896E+000
  0.157362886015111E+000  0.154985229427875E+000  0.151602222435738E+000 -0.305976990158284E+000
 -0.679154785403902E-001 -0.840545939481574E-001 -0.821223551084771E-001 -0.298141544032244E+000
  0.864322812122498E-001  0.110934781373613E+000  0.110924576582505E+000 -0.302901795333682E+000
  0.442900798422441E-001  0.420857434050381E-001  0.746428708181845E-001 -0.301549145049497E+000
 -0.113381980161347E+000 -0.882912970729610E-001 -0.924360986242789E-001 -0.302028149970730E+000
 -0.996295458885010E-001 -0.850339298151548E-001 -0.111945182833153E+000 -0.302124568064971E+000
 -0.186364759335178E-001 -0.570913834027464E-001 -0.198977594982575E-001 -0.303510014694205E+000
  0.462284757153131E-001  0.760180049591930E-001  0.818173629207841E-001 -0.303123974276868E+000
  0.299020287992646E-001  0.494263748115786E-001  0.443095673504401E-001 -0.296367083538540E+000
 -0.113492461539852E+000 -0.860772353042027E-001 -0.849436293757622E-001 -0.303317253887855E+000
  0.117330771615116E+000  0.126728824451992E+000  0.125665968746924E+000 -0.301824605497155E+000
  0.108086334417343E+000  0.137229321588819E+000  0.114580862351965E+000 -0.305564173368677E+000
  0.727183796064268E-001  0.944525168024657E-001  0.118061715629008E+000 -0.308400371532191E+000
 -0.852481950397543E-001 -0.570233856881852E-001 -0.423663232356297E-001 -0.304899037278174E+000
 -0.130046055390873E+000 -0.116518641695289E+000 -0.129945144814652E+000 -0.302796708480534E+000
 -0.445374433109857E-001 -0.580825498899096E-001 -0.293036413226033E-001 -0.298584796265068E+000
  0.535630439265633E-002  0.711307469840161E-002 -0.232981980045166E-001 -0.299275474683945E+000
 -0.502178625802885E-001 -0.681321824306325E-001 -0.397323484333745E-001 -0.298999635376444E+000
  0.846994669098056E-001  0.966470542636322E-001  0.126211745214302E+000 -0.308008638223549E+000
 -0.604536997685823E-001 -0.217488552873968E-001 -0.207539844679050E-001 -0.304298299940449E+000
  0.181900107034405E-001  0.305038787365453E-001  0.894867516793241E-002 -0.295968520427163E+000
  0.598214143031361E-001  0.280667564174486E-001  0.287894862148597E-001 -0.300793960362850E+000
 -0.205043553525541E-001 -0.495229290502430E-001 -0.102255882966307E-002 -0.305641827198444E+000
  0.230171819501290E-001  0.550649395060510E-001  0.195015618969174E-002 -0.308113669332337E+000
 -0.944242463028722E-001 -0.507012694330988E-001 -0.835905778065638E-001 -0.306814322438974E+000
  0.613165767468504E-001  0.928081618015653E-001  0.105688584722421E+000 -0.307739842904372E+000
  0.523787527746755E-001  0.561068178252211E-001  0.492076454909274E-001 -0.295106351028764E+000
  0.114794243055030E+000  0.106736204947933E+000  0.121172102819085E+000 -0.301235090138870E+000
  0.213725646460405E-001  0.227578476750656E-001 -0.895545931172914E-002 -0.299934608735791E+000
 -0.532366240098125E-001 -0.429864394647761E-001 -0.382781018686063E-001 -0.295648355815073E+000
  0.278119914185671E-001  0.264745043287085E-001 -0.200883054336243E-001 -0.308386983342835E+000
  0.854039812238883E-001  0.119822271346888E+000  0.943212595599774E-001 -0.304976977586575E+000
  0.147415555831554E+000  0.156391833861740E+000  0.128681264180561E+000 -0.308186566123100E+000
  0.340020003569386E-001  0.367337755567010E-001  0.158450734112603E-001 -0.296447761377040E+000
  0.279319900885100E-001  0.246947322084345E-001 -0.278342818776922E-002 -0.299278027043994E+000
 -0.679628359706685E-001 -0.108697132026955E+000 -0.749071167966198E-001 -0.306573391022333E+000
 -0.183278176377200E-002  0.496042795361973E-002 -0.429922421683482E-001 -0.306995718588653E+000
  0.898711118131867E-001  0.638207954710324E-001  0.676382005919773E-001 -0.300212353356714E+000
 -0.424032702746546E-001 -0.277689837843664E-001 -0.564785583872984E-001 -0.298482277419310E+000
  0.332648528402846E-001  0.746603675936264E-002  0.318250928124986E-001 -0.297944629362842E+000
  0.848056306215139E-001  0.688534653931505E-001  0.111722071660580E+000 -0.306875178649480E+000
  0.408455005943154E-001  0.308312098410335E-001  0.676878659593672E-001 -0.301818968328213E+000
 -0.156239932678659E-002 -0.515688300201977E-001 -0.311352372670604E-001 -0.306489213883897E+000
  0.222222232855107E-001  0.483553969079109E-001  0.699221202291045E-001 -0.305984342446725E+000
 -0.272523009736025E-001 -0.101560268704337E-001  0.173845499594516E-001 -0.303605785828130E+000
 -0.372882022214838E-001 -0.476964308875882E-001 -0.341298141735591E-001 -0.295261977072380E+000
  0.685705575891715E-001  0.493234474394511E-001  0.884030462409502E-001 -0.303521230155698E+000
  0.972406670848658E-001  0.647821479058441E-001  0.102163979144418E+000 -0.305700534624335E+000
 -0.164031139662679E-002  0.950705339489044E-002 -0.177954323334006E-002 -0.294279725398321E+000
  0.806620729467200E-001  0.604874134411726E-001  0.893501347932357E-001 -0.300877333792273E+000
 -0.155346857856942E-001 -0.249590199639060E-001 -0.222188989356076E-001 -0.294134738424217E+000
 -0.151971434333409E-001  0.353469881633606E-001 -0.144769962246660E-002 -0.307117481271123E+000
  0.463010687646470E-001  0.546665830718807E-001  0.554783824157301E-002 -0.307902266709549E+000
 -0.817679016113959E-002  0.598710350161236E-002 -0.199678590880448E-001 -0.296844594710080E+000
  0.374573543468393E-001  0.611395708394169E-001  0.809324782777310E-001 -0.304766682981584E+000
 -0.409129649230455E-002 -0.227552414278398E-001  0.148352465450419E-002 -0.296698795653424E+000
 -0.558689606270268E-001 -0.520723773796494E-001 -0.184819976049078E-001 -0.302825625255700E+000
  0.119913636427973E+000  0.113140979755106E+000  0.103799677155270E+000 -0.301269300746759E+000
  0.709330887633564E-001  0.619721325208222E-001  0.239226502486689E-001 -0.307312343119062E+000
  0.405559623345719E-001  0.243555487668634E-001  0.231802947390491E-001 -0.295770509276641E+000
 -0.469193949875413E-001  0.430363965758129E-002 -0.327841124421813E-001 -0.307762449565954E+000
 -0.125776278890343E+000 -0.983184873804621E-001 -0.128821887870052E+000 -0.306242294969744E+000
 -0.376274319405223E-001 -0.191100917905640E-003 -0.661903472435998E-002 -0.301566575951193E+000
  0.328924750598003E-001  0.257854848762618E-002  0.476186704428283E-001 -0.304383495461521E+000
 -0.322109192631626E-001 -0.870347132870708E-002 -0.130289489850077E-001 -0.296736788759253E+000
 -0.148582161345390E-001  0.132514253932636E-001  0.207003850256027E-001 -0.300493156797070E+000
 -0.203781595348995E-001  0.244950608034999E-001 -0.499289938644787E-002 -0.303838245089914E+000
  0.464469785383725E-002 -0.811600653847999E-002  0.158397074938343E-001 -0.296320953195218E+000
 -0.348478682354103E-001 -0.486260985751985E-001 -0.841213299680565E-002 -0.302276763476440E+000
  0.975836975113609E-001  0.117408945326878E+000  0.793894919209581E-001 -0.305651030692600E+000
 -0.123371083891010E+000 -0.939965279570765E-001 -0.121826040190803E+000 -0.305516675794147E+000
  0.138300441490014E-001  0.495798182108209E-001  0.349654596505311E-001 -0.300455989806927E+000
  0.206493845957101E-001  0.473857789204657E-001  0.146023983456511E-001 -0.299918333456521E+000
  0.533294447274746E-001  0.338230836603759E-001  0.524248521569803E-001 -0.296982814833124E+000
 -0.838403363734330E-001 -0.735786299324026E-001 -0.468261576978557E-001 -0.303139659258536E+000
 -0.368582812115748E-001 -0.362054597571704E-001 -0.522962970176544E-001 -0.296000775310156E+000
 -0.113677399248984E+000 -0.753480893169578E-001 -0.966296558988178E-001 -0.305503839732277E+000
  0.474519809709228E-001  0.295595537717630E-001  0.639100426599537E-002 -0.302314878541131E+000
  0.863159452745865E-001  0.451925220524863E-001  0.427573380365298E-001 -0.307165409134718E+000
 -0.205924792720702E-001 -0.327917403349043E-001 -0.566776345593567E-001 -0.300873200290774E+000
  0.134247083664392E+000  0.129516418697422E+000  0.102802801260709E+000 -0.306910288962712E+000
  0.122069846083546E+000  0.138975329668274E+000  0.110885269358643E+000 -0.305388629611243E+000
 -0.713440585528524E-001 -0.453027799815142E-001 -0.481567814062345E-001 -0.299079438613094E+000
 -0.361005036069328E-001 -0.491990519039909E-001 -0.991921678590857E-002 -0.301959555007371E+000
 -0.117659940466124E+000 -0.979122357916240E-001 -0.115006806518477E+000 -0.302016746953760E+000
 -0.121235964550463E+000 -0.817102073596965E-001 -0.866376028427840E-001 -0.307536868139879E+000
 -0.111388550465940E+000 -0.142582949655291E+000 -0.110537483361283E+000 -0.307743806709549E+000
 -0.154477393936359E+000 -0.128055211118124E+000 -0.136618162925513E+000 -0.307170363033634E+000
 -0.114455475232527E+000 -0.937710647383705E-001 -0.127655266541299E+000 -0.305756468040180E+000
  0.515782577139134E-002  0.271127505612601E-001 -0.196497062792478E-001 -0.304395048073908E+000
  0.702323660960169E-001  0.104720675112042E+000  0.112374580115444E+000 -0.308263332114405E+000
  0.127207861998899E+000  0.136142569438209E+000  0.146537944704777E+000 -0.304966170782447E+000
 -0.881592128419062E-001 -0.106306167139075E+000 -0.124899106379405E+000 -0.306049830414547E+000
  0.119591913401247E+000  0.114486544739523E+000  0.106810800022532E+000 -0.300944966466609E+000
  0.568473625493326E-001  0.725521311155508E-001  0.919351227049070E-001 -0.302432458477227E+000
 -0.110878716276634E+000 -0.994176130368840E-001 -0.904218959292014E-001 -0.300738442091702E+000
 -0.142381703517958E-001  0.947851044637904E-002 -0.303044604221447E-001 -0.301520326366164E+000
  0.135877144474805E-001  0.283154039860345E-001 -0.695226641265201E-002 -0.299784246699590E+000
  0.397004989781147E-001  0.616014856010594E-002  0.342733519298122E-001 -0.300290281309002E+000
 -0.629260814607879E-001 -0.175968958342054E-001 -0.403726565735751E-001 -0.304552438171454E+000
 -0.366820457574635E-002  0.309279485935821E-001 -0.169137798169849E-001 -0.305648746404477E+000
  0.937221477097672E-001  0.104917892731202E+000  0.120275500241078E+000 -0.302838202610096E+000
  0.507371135451229E-001  0.705922446266682E-001  0.962360317091004E-001 -0.306565684883291E+000
 -0.251950787316135E-001  0.992899353332355E-002  0.896451942486554E-002 -0.301446006088003E+000
  0.125235626871230E+000  0.138975612696521E+000  0.121269929541572E+000 -0.303705363078123E+000
 -0.105064592042533E+000 -0.138350944346330E+000 -0.119790137002247E+000 -0.306584631211178E+000
  0.484585384685365E-001  0.563791125480817E-001  0.274334495684836E-001 -0.298919662215168E+000
  0.754232588153880E-001  0.716945174323413E-001  0.751828496967288E-001 -0.296365883924264E+000
  0.517754804596815E-001  0.506239950872844E-001  0.500174917154328E-001 -0.294789753216614E+000
 -0.633019421662451E-001 -0.200748541912477E-001 -0.646742389423660E-001 -0.307563644978748E+000
 -0.158498414012966E+000 -0.147178659016537E+000 -0.135552908354701E+000 -0.307260061443704E+000
 -0.273347632561494E-001 -0.608311834216002E-001 -0.645156261702351E-001 -0.303171784783080E+000
  0.138889460518954E+000  0.100137843922095E+000  0.114071729412180E+000 -0.308310019275012E+000
 -0.104889135116347E+000 -0.110752892952558E+000 -0.711910584386310E-001 -0.307283983098226E+000
  0.152946831223599E-001  0.873864680695169E-002 -0.118243838057464E-001 -0.297451473232964E+000
 -0.417707625520214E-001 -0.745407137764142E-001 -0.642468605544810E-001 -0.300929026898166E+000
 -0.193645911937856E-001 -0.477592176376018E-001 -0.161387899752263E-001 -0.299892163479022E+000
  0.143068315459984E+000  0.122744868348335E+000  0.129906499623660E+000 -0.304563569832174E+000
  0.637034601457143E-001  0.104439691232876E+000  0.102728488640453E+000 -0.308273182911668E+000
 -0.209527189367897E-001 -0.408069218181817E-002 -0.210316008538591E-001 -0.295467330449297E+000
  0.138240009397563E+000  0.101254240933772E+000  0.112030029463357E+000 -0.307777138690774E+000
  0.621844547624617E-001  0.157178340169506E-001  0.538452440010673E-001 -0.306710875898420E+000
 -0.301054647829713E-001  0.294110419123417E-002 -0.996835140482877E-002 -0.299065381803240E+000
  0.344533453239437E-001  0.233655182923265E-001 -0.116026829660609E-002 -0.300265800574250E+000
 -0.802366796171627E-002  0.209588437796504E-001  0.985827225702396E-002 -0.297745128120062E+000
  0.979191384916644E-002 -0.783875180293547E-003  0.120326240208080E-001 -0.294401240121643E+000
 -0.452337741740461E-001 -0.693135123281252E-001 -0.749166835747894E-001 -0.300476065406014E+000
  0.107598718041126E+000  0.117308988658369E+000  0.825325988239611E-001 -0.305310842038047E+000
 -0.693307834156098E-001 -0.907937594550756E-001 -0.111592851361735E+000 -0.306612964184217E+000
  0.685310771052672E-001  0.252873837971301E-001  0.494936523203116E-001 -0.304013673474013E+000
 -0.158608156206645E+000 -0.139052729128635E+000 -0.137070766094632E+000 -0.307134288194660E+000
  0.397682769841068E-001 -0.102989032919454E-001  0.494772860243575E-002 -0.306678947773045E+000
  0.199221468937560E-001  0.449121922535567E-001  0.673552327368210E-001 -0.305703252414409E+000
  0.237652350246642E-001 -0.506580114010391E-002  0.260201448074104E-001 -0.299562458930576E+000
 -0.725372174717664E-001 -0.480901454462845E-001 -0.928906350741521E-001 -0.306122155155330E+000
 -0.258976737464689E-001 -0.451539853804139E-001 -0.214961109073886E-001 -0.297097188818764E+000
 -0.896009049727842E-001 -0.552965244723680E-001 -0.460929854765824E-001 -0.306049875694069E+000
  0.716711934783243E-001  0.103850422777292E+000  0.644254564015956E-001 -0.305555351072812E+000
  0.716741987615510E-002 -0.117596090150962E-001 -0.166707158736334E-001 -0.296633371651998E+000
 -0.333045493496864E-001 -0.408653035485829E-001 -0.613547087225841E-001 -0.298706904476993E+000
  0.134643490334430E-001  0.476865402661120E-001  0.614925844886494E-001 -0.306531399513030E+000
  0.677972346001199E-001  0.779393263594752E-001  0.106082351445607E+000 -0.304951913177866E+000
  0.189060145622388E-001  0.236839733719729E-001  0.520776029533154E-001 -0.300385020538076E+000
  0.105692176838688E+000  0.880459988069870E-001  0.665218877877072E-001 -0.305028149587226E+000
  0.436755296030245E-001 -0.320859120935713E-002  0.417822937334833E-001 -0.307913766840015E+000
 -0.807862053231179E-001 -0.117696537593677E+000 -0.995288325121435E-001 -0.305355183250564E+000
 -0.538918108559050E-001 -0.826235363153194E-001 -0.500295868864453E-001 -0.301781285669710E+000
  0.114237267097501E+000  0.136687338783545E+000  0.138425110329348E+000 -0.305791205279640E+000
  0.117694023800663E-001 -0.128427605567905E-001  0.192401004182408E-001 -0.299093928034221E+000
 -0.164239742369376E-001  0.194873182914801E-001 -0.190215984989128E-001 -0.302717681377430E+000
  0.530771615356418E-002 -0.334325577232919E-001 -0.176870323688305E-001 -0.301150940590613E+000
 -0.151372914654185E+000 -0.126032065986507E+000 -0.131110491853470E+000 -0.306624829588714E+000
 -0.547605185790712E-001 -0.387677685178078E-001 -0.398822285403000E-002 -0.307462585351755E+000
  0.828668655895437E-001  0.666278500735351E-001  0.109919790508650E+000 -0.306872135806274E+000
  0.891926670493026E-001  0.680578130572695E-001  0.486711236421189E-001 -0.304090760071265E+000
 -0.900856731068000E-001 -0.119632213164422E+000 -0.110759360896064E+000 -0.303938408714773E+000
  0.680578842155843E-001  0.419883805085841E-001  0.819077530526702E-001 -0.303772947902806E+000
 -0.252104118119967E-001  0.123905118046208E-001 -0.187776629837433E-001 -0.301584956990493E+000
  0.739549737062006E-001  0.345162840977986E-001  0.426299505438199E-001 -0.303425850372931E+000
 -0.869390194967645E-001 -0.727353679337439E-001 -0.933338960154040E-001 -0.299340738682664E+000
 -0.703456985445361E-001 -0.102152993150284E+000 -0.729544448056185E-001 -0.303138062316603E+000
 -0.120290345644133E+000 -0.875269527943490E-001 -0.937429002481671E-001 -0.304721197437854E+000
  0.165202106878568E+000  0.164004690934472E+000  0.153519580515762E+000 -0.307657097823962E+000
  0.596024099406689E-001  0.380880979126652E-001  0.737615634593403E-001 -0.301581253730907E+000
  0.755791456918375E-001  0.667285123074124E-001  0.272278426563699E-001 -0.308345500470526E+000
  0.653393406938196E-001  0.105210135313287E+000  0.104101961362615E+000 -0.308085445036309E+000
  0.427249691231890E-001  0.782973423158584E-001  0.732499965087441E-001 -0.303016581914961E+000
 -0.611726768988530E-001 -0.691310854694815E-001 -0.668186013262584E-001 -0.296007069521487E+000
 -0.734280527694764E-001 -0.913185416692519E-001 -0.958232053142061E-001 -0.300147147335595E+000
  0.709368577081637E-001  0.412129977961850E-001  0.833848685395155E-001 -0.305025799356383E+000
 -0.777074303255820E-001 -0.810896568430564E-001 -0.113825943071182E+000 -0.305668985718169E+000
 -0.142246986444805E+000 -0.126101624985318E+000 -0.141424034752242E+000 -0.304742656649204E+000
 -0.657183044641663E-001 -0.294485807296541E-001 -0.762981335622903E-001 -0.307202718396312E+000
  0.148979519574273E+000  0.135158953439016E+000  0.114961229543979E+000 -0.308446750969799E+000
 -0.319975844548104E-001  0.633023078654427E-002 -0.148236501603438E-001 -0.300904426988347E+000
 -0.395490538017751E-001 -0.165334648798254E-001 -0.626526905048808E-001 -0.304883855091107E+000
 -0.143862553498978E+000 -0.133546134835337E+000 -0.131377399211221E+000 -0.303932528036098E+000
 -0.125299981741256E+000 -0.922254323561800E-001 -0.107855261576643E+000 -0.304998444626839E+000
 -0.112228797249578E+000 -0.734476341814660E-001 -0.707878038774179E-001 -0.307980168107200E+000
  0.172280031774719E-001  0.199642384243237E-001  0.580006828652113E-003 -0.295721995267134E+000
 -0.826076256586128E-001 -0.114037180309643E+000 -0.113535374413799E+000 -0.305450086340912E+000
 -0.100599302146531E-001 -0.395220226453974E-001 -0.562186643245055E-001 -0.305006752933414E+000
 -0.237704442439335E-001 -0.456077687689405E-001 -0.625915601577764E-002 -0.301540245937382E+000
 -0.401101629180722E-002  0.167630983165101E-001  0.134425411371675E-001 -0.295968850955856E+000
 -0.972296038582998E-001 -0.913080876977412E-001 -0.100836996124845E+000 -0.298714132379148E+000
 -0.146037428103885E-001  0.390148626092213E-002  0.878474796339734E-002 -0.296483276697211E+000
  0.156633744179795E+000  0.158342649048353E+000  0.153365273796360E+000 -0.306172591864706E+000
 -0.113461141273177E+000 -0.115427072625507E+000 -0.814972092813182E-001 -0.306231403272428E+000
  0.794181188552168E-001  0.785392451521028E-001  0.500430944838715E-001 -0.301510792561857E+000
 -0.831526614061850E-001 -0.622409027268744E-001 -0.109544732350334E+000 -0.308412273045315E+000
  0.158344150751222E-001  0.302861690283751E-001  0.601496982830163E-001 -0.304302831969059E+000
 -0.117074886493330E+000 -0.122609846317624E+000 -0.103516580952216E+000 -0.302138124559019E+000
  0.312873053368512E-001  0.122637470969611E-001  0.266957604400098E-003 -0.298442642750782E+000
  0.847727505518514E-001  0.562207010357252E-001  0.415386276992735E-001 -0.305020093801337E+000
 -0.137655400344459E+000 -0.134821146141886E+000 -0.156053969492326E+000 -0.306650536207001E+000
  0.620137264885900E-001  0.347181523695395E-001  0.139954166170853E-001 -0.305744117033169E+000
 -0.775336770690060E-001 -0.425165641410463E-001 -0.340687700759401E-001 -0.305426329053523E+000
 -0.652066365772341E-001 -0.579546819179888E-001 -0.854000784048603E-001 -0.299983957112255E+000
 -0.127558646626523E+000 -0.132845093112026E+000 -0.143548249119960E+000 -0.304143933267123E+000
  0.779343703525615E-001  0.976211757927614E-001  0.732220284415197E-001 -0.300345923513517E+000
 -0.312865983244615E-001  0.175210014687388E-001 -0.759690330603191E-002 -0.305379230562688E+000
  0.138707578250570E+000  0.129999066028708E+000  0.108657058028307E+000 -0.306403973445953E+000
 -0.790555383823144E-001 -0.703404201803792E-001 -0.473220265548391E-001 -0.301038767249279E+000
  0.594775634328881E-001  0.101111440742825E+000  0.758452598695647E-001 -0.305450275378950E+000
  0.976998368078075E-002  0.599704645057586E-001  0.476469086066866E-001 -0.307919369088141E+000
  0.467872388027613E-001  0.446145741421589E-001  0.410476971396556E-001 -0.294614857038135E+000
 -0.549684983291743E-001 -0.218381523510203E-001 -0.497816467815004E-001 -0.300710855525254E+000
  0.751230895642485E-001  0.822953680628880E-001  0.103936211746962E+000 -0.301864220880584E+000
  0.362175293987699E-001  0.707752833277508E-002  0.505430583025746E-001 -0.303756805516704E+000
  0.605765282726312E-001  0.959897284968192E-001  0.537115128489396E-001 -0.306275455550520E+000
