  0.396407503031744E-070  0.318723553533732E+003 -0.905635759533362E+000 -0.843308468469793E+000 -0.838888014830091E+000 -0.996183597800332E+000  0.322746016389042E+001
  0.241066580573399E-063  0.287472126282658E+003 -0.935074828689525E+000  0.905939069435655E+000  0.470208245115448E+000  0.999379589958914E+000  0.291494589137968E+001
  0.565314797153932E-062  0.281152361862013E+003  0.902416916106223E+000 -0.695753089982203E+000  0.763879234814505E+000  0.984788357515450E+000  0.285174824717322E+001
  0.117511033968246E-054  0.247442726298696E+003 -0.940870799681253E+000 -0.726760966461372E+000  0.941825811146876E+000  0.462813859918728E+000  0.251465189154005E+001
  0.528995386632138E-054  0.244423856264454E+003  0.939529241519808E+000  0.744062699576033E+000  0.705848827840977E+000  0.741549814147364E+000  0.248446319119763E+001
  0.204140290706934E-053  0.241713055503177E+003  0.977588687180319E+000  0.952558126010556E+000  0.635428484613963E+000 -0.436507960745723E+000  0.245735518358487E+001
  0.203155019544284E-051  0.232502416300861E+003  0.888102925173846E+000 -0.329438748650365E+000  0.992591686482136E+000  0.694804893962036E+000  0.236524879156171E+001
  0.245683941754734E-051  0.232112288038684E+003 -0.873708676641638E+000  0.783593914263445E+000  0.984864863897524E+000  0.118331883659714E+000  0.236134750893993E+001
  0.263676968639574E-051  0.231960955295609E+003 -0.986524719538668E+000 -0.575817823016189E+000  0.907873990827899E+000  0.480418370509972E+000  0.235983418150918E+001
  0.284018860697460E-051  0.231802348419450E+003  0.813784062040754E+000  0.829144704260530E+000  0.477111537990695E+000  0.883678251870506E+000  0.235824811274759E+001
  0.919783672505537E-051  0.229442177622527E+003  0.972243767030416E+000 -0.744175569677889E+000 -0.913951057581834E+000 -0.168715170779681E-001  0.233464640477837E+001
  0.104990960940181E-049  0.224562390654819E+003 -0.971111109757282E+000  0.543829797178208E+000  0.997784742722484E+000  0.226862307355366E+000  0.228584853510128E+001
  0.145474773055452E-049  0.223900158711098E+003  0.946088999749465E+000 -0.689855368517485E+000  0.924028238180122E+000  0.233266383755740E+000  0.227922621566408E+001
  0.589005532488082E-049  0.221093317855858E+003  0.314976832799144E+000  0.848048524936460E+000 -0.899903912941706E+000  0.789261711181275E+000  0.225115780711167E+001
  0.785097470292736E-048  0.215903427987995E+003 -0.713321569710043E+000  0.357605117487498E+000  0.862176540755995E+000  0.905097474936390E+000  0.219925890843305E+001
  0.375764697372509E-047  0.212761972185826E+003  0.545240234568559E+000  0.954723666340945E+000  0.496221009062653E+000 -0.844289564137996E+000  0.216784435041136E+001
  0.382229556506626E-047  0.212717880665304E+003  0.115882497714264E-001  0.615590687966894E+000 -0.985650781613698E+000  0.903775297995097E+000  0.216740343520614E+001
  0.911767466327819E-047  0.210969178332182E+003 -0.504000119214356E-001  0.814323803471222E+000 -0.991463558374044E+000  0.707992235967089E+000  0.214991641187492E+001
  0.161978857669861E-046  0.209809871399026E+003 -0.936132622460646E+000  0.754690741244093E+000  0.307357990682168E+000 -0.773273565016014E+000  0.213832334254336E+001
  0.229598525758434E-046  0.209102163465990E+003  0.787001472963528E+000  0.562199251264087E+000 -0.550268107989669E+000 -0.944993098373634E+000  0.213124626321299E+001
  0.268173123568132E-045  0.204176417173170E+003  0.252617004633634E+000 -0.483353248609478E+000  0.897361168015441E+000 -0.989588813826915E+000  0.208198880028480E+001
  0.466509377665189E-045  0.203059151356458E+003 -0.220086070177391E+000  0.885430660967553E+000  0.717278652070703E+000 -0.850824390655175E+000  0.207081614211768E+001
  0.122872498900352E-044  0.201112267885109E+003 -0.893163541369760E+000  0.158703907149462E+000  0.994987259216082E+000  0.488282315495026E+000  0.205134730740419E+001
  0.181870524724042E-044  0.200317997186360E+003  0.305066620704518E+000  0.698329297571912E+000  0.766731086565713E+000 -0.935306682535254E+000  0.204340460041669E+001
  0.355206710595261E-044  0.198969212359165E+003  0.838774551807578E+000 -0.954412405580265E+000  0.125730824392640E+000 -0.632188835125059E+000  0.202991675214474E+001
  0.363622730456264E-044  0.198912403332194E+003  0.586140983063727E+000 -0.940364451577311E+000 -0.641339605771065E-001  0.892966372915867E+000  0.202934866187504E+001
  0.548631296438483E-044  0.198079808750474E+003  0.664542579036401E+000  0.940353540459783E+000  0.339663757287857E+000 -0.761426048697662E+000  0.202102271605784E+001
  0.675986056200029E-044  0.197652342019046E+003  0.982462715893148E+000  0.590303804953563E+000 -0.757944241443725E+000 -0.358576359152500E+000  0.201674804874356E+001
  0.103680431847460E-043  0.196786914852269E+003 -0.839491783275099E+000 -0.774755212673228E+000  0.588786576170000E-001 -0.836441861101096E+000  0.200809377707579E+001
  0.173802266489199E-043  0.195743730057757E+003  0.844348466895103E+000 -0.481489137817690E+000  0.833995907643522E+000  0.597793134604266E+000  0.199766192913067E+001
  0.378250896742503E-043  0.194178476034942E+003  0.832788645283036E+000  0.460971572147935E+000 -0.924445292136643E+000  0.470508844452491E+000  0.198200938890251E+001
  0.910202822410164E-043  0.192412281485893E+003  0.491149363298632E+000 -0.921082624580256E+000 -0.896723809829681E+000  0.265730980362211E+000  0.196434744341202E+001
  0.201510958335272E-042  0.190812783602363E+003 -0.156150876315073E+000 -0.856815815731241E+000 -0.879522581447905E+000 -0.645194586957127E+000  0.194835246457672E+001
  0.271315244008335E-042  0.190207933233076E+003 -0.607846648299290E+000 -0.806913721905333E+000  0.437801562635654E+000  0.854427557016883E+000  0.194230396088386E+001
  0.277245971562624E-042  0.190154710771443E+003  0.532281768688516E+000 -0.838880131656598E+000 -0.854055364697328E-001 -0.973362149480593E+000  0.194177173626753E+001
  0.369894823570440E-042  0.189568108471492E+003 -0.187217138318561E-001  0.941518610536060E+000  0.488087857414168E+000  0.900482182032664E+000  0.193590571326801E+001
  0.428096503576603E-042  0.189265873506061E+003 -0.776955135859454E+000  0.822513690497662E+000 -0.622627846668933E+000 -0.514810522397952E+000  0.193288336361371E+001
  0.675092856118033E-042  0.188344895222603E+003  0.918540776978744E+000  0.982218967778590E+000 -0.195241506131353E+000 -0.277638389683290E+000  0.192367358077912E+001
  0.845002841987865E-042  0.187885940650340E+003  0.900106388456488E+000  0.456131585707753E+000  0.490528272562295E+000 -0.812538315929225E+000  0.191908403505650E+001
  0.420000608872198E-041  0.184668963040687E+003 -0.857368800888599E+000 -0.972298361477462E+000  0.406590119060664E+000  0.202862932970257E+000  0.188691425895997E+001
  0.554085541284310E-041  0.184104862116653E+003 -0.838638151891760E+000 -0.279418590622204E+000  0.975700728496210E+000 -0.384568120802892E+000  0.188127324971963E+001
  0.125654648881175E-040  0.182457280486676E+003  0.729483369343984E-001  0.820542533712376E+000  0.798469991189308E+000  0.740696697101713E+000  0.186479743341986E+001
  0.179210971072918E-040  0.181737252485233E+003  0.268404051763436E+000  0.900469526898183E+000 -0.776815693944421E+000 -0.609318001680413E+000  0.185759715340543E+001
  0.260862807406158E-040  0.180976415590550E+003 -0.523938639749620E+000  0.331892092623292E+000  0.997368709836669E+000  0.685988616325947E+000  0.184998878445860E+001
  0.271781479935936E-040  0.180884433039888E+003  0.890390666942620E+000 -0.804836921663939E+000 -0.241189902381859E+000 -0.591893892255185E+000  0.184906895895197E+001
  0.274276611396505E-040  0.180856180422913E+003  0.990449651284457E+000  0.918808468366114E+000  0.465328236144869E-003  0.153579630749248E+000  0.184878643278223E+001
  0.286394506592924E-040  0.180759739087465E+003  0.942748254156062E+000 -0.249650183630242E+000 -0.925313868334583E+000 -0.201287802895564E+000  0.184782201942775E+001
  0.419967752302679E-040  0.179984148656271E+003 -0.769403436928814E+000  0.342322667208902E+000  0.544915479024657E+000 -0.913217815524997E+000  0.184006611511581E+001
  0.475602426913002E-040  0.179725364894148E+003  0.161606654400969E+000  0.566872547101127E+000  0.730069805710846E+000  0.978271516952380E+000  0.183747827749458E+001
  0.551034267720919E-040  0.179420960348243E+003  0.976731560528964E+000  0.289889502676412E+000  0.608030718968450E+000 -0.653216971404532E+000  0.183443423203552E+001
  0.591790290766588E-040  0.179268274596287E+003  0.408239965054316E-001  0.701313456500543E+000  0.896613310960215E+000 -0.731768257145330E+000  0.183290737451597E+001
  0.169937946942203E-039  0.177148567289535E+003  0.657741563210724E+000 -0.628665951022485E+000  0.459938999039795E-001 -0.990832993329438E+000  0.181171030144844E+001
  0.213220769130448E-039  0.176684802703906E+003 -0.926870162059585E+000  0.213654814358239E+000 -0.750612826662321E+000  0.582165236876390E+000  0.180707265559216E+001
  0.438296109278942E-039  0.175233694367265E+003  0.883588947615202E+000 -0.873402487358018E+000 -0.340719854789334E+000  0.364568538833470E+000  0.179256157222575E+001
  0.541914762855576E-039  0.174799291295388E+003  0.380384821553744E+000  0.810952392358303E+000 -0.416446011285802E+000 -0.901362227992160E+000  0.178821754150697E+001
  0.100889266367544E-038  0.173546316390741E+003 -0.728107987992251E+000  0.756521926301883E+000  0.382295863097912E+000  0.725996555339688E+000  0.177568779246051E+001
  0.291506120390890E-038  0.171414266389761E+003 -0.798810782078786E+000  0.675607604266051E-001  0.857453577139327E+000 -0.613577650820938E+000  0.175436729245071E+001
  0.454949573141626E-038  0.170514040141172E+003 -0.668738941016358E+000  0.736256458503383E+000 -0.140328716457810E+000  0.858130256652508E+000  0.174536502996482E+001
  0.498694039733494E-038  0.170320452705501E+003  0.519679832045454E-001 -0.882514884199781E+000 -0.923990352896168E+000  0.328843110389163E+000  0.174342915560811E+001
  0.422829073767972E-037  0.166035356925324E+003  0.731762015440471E+000 -0.955001179431396E+000  0.117183533790466E+000 -0.489227265448135E+000  0.170057819780634E+001
  0.670806224598884E-037  0.165102357256671E+003 -0.615937307195207E+000  0.407530179700937E+000  0.894806933352888E+000  0.587459904488337E+000  0.169124820111981E+001
  0.891383565243535E-037  0.164523793145541E+003 -0.155066327297552E+000  0.820469664724811E+000  0.850934364544003E+000  0.513962285242225E+000  0.168546256000851E+001
  0.898663819858037E-037  0.164497549678081E+003 -0.747408752179212E+000  0.423557927752691E+000  0.545258527477923E+000  0.806146452296525E+000  0.168520012533391E+001
  0.100584217141948E-036  0.164262231723960E+003 -0.944470936256042E+000  0.304685612819519E+000  0.788745843781312E+000 -0.275441949635189E+000  0.168284694579270E+001
  0.103822489127442E-036  0.164188882146089E+003  0.268988388362343E-001  0.201970039052721E+000 -0.919194406347623E+000 -0.892008771900551E+000  0.168211345001398E+001
  0.104444339310040E-036  0.164166963691474E+003  0.798529691840971E+000  0.401309601667539E+000 -0.905823710100587E+000  0.250356958252123E+000  0.168189426546784E+001
  0.111304525590689E-036  0.164029757353801E+003  0.358780628404440E+000  0.200897516198246E+000  0.999831096348452E+000  0.715385650913441E+000  0.168052220209111E+001
  0.170721185984774E-036  0.163164258639097E+003 -0.554035335782640E+000  0.782340854147423E+000  0.867520425065875E+000 -0.162222585877796E-001  0.167186721494407E+001
  0.705594590224363E-036  0.160316265349556E+003  0.500786970454853E+000  0.781476577997515E+000  0.322919603183833E+000 -0.823174938996684E+000  0.164338728204865E+001
  0.739638115717969E-036  0.160212049874491E+003 -0.468188848390528E+000 -0.768501114158691E+000  0.299434321155017E+000  0.861910351714167E+000  0.164234512729800E+001
  0.319228802756124E-035  0.157277410481612E+003 -0.182061049186671E+000 -0.743570832566823E+000  0.272030038554556E+000 -0.976193926849659E+000  0.161299873336922E+001
  0.896435667319482E-035  0.155202398528700E+003 -0.194074991949187E+000 -0.690942895497645E+000 -0.979689335929272E+000 -0.342622578893762E+000  0.159224861384010E+001
  0.158704623740793E-034  0.154050016796565E+003  0.430262968091980E+000  0.410114032958935E+000  0.620163751149257E+000  0.918042469898898E+000  0.158072479651875E+001
  0.161000634983486E-034  0.154011314620017E+003  0.541075356878513E+000  0.482186273094244E+000 -0.283756729289446E+000 -0.987194889347843E+000  0.158033777475327E+001
  0.164460837017700E-034  0.153958811216901E+003 -0.781056480806708E+000  0.522485332232296E+000  0.438073741805024E+000 -0.710537816625544E+000  0.157981274072210E+001
  0.167297872555000E-034  0.153914629288792E+003  0.262601031978685E+000  0.908601140676304E+000  0.426454632543980E+000 -0.709219312334517E+000  0.157937092144102E+001
  0.187992224551714E-034  0.153671404782484E+003  0.644586822537004E+000  0.122011705818313E+000 -0.914564630196355E+000 -0.556894231813091E+000  0.157693867637793E+001
  0.202983952707439E-034  0.153507977055446E+003 -0.593274519213323E+000 -0.613037732540754E+000 -0.575851313006952E+000 -0.718268576334243E+000  0.157530439910756E+001
  0.515050239239303E-034  0.151635726927200E+003 -0.924599557332499E+000 -0.175770253401792E-001  0.597509002845093E+000 -0.586831829491975E+000  0.155658189782510E+001
  0.867733918335208E-034  0.150582510495894E+003 -0.791654408461274E+000 -0.756926898837618E+000  0.273980172386638E+000 -0.520893046633302E+000  0.154604973351204E+001
  0.900907306977641E-034  0.150497500908054E+003  0.585730932033913E+000  0.352849228555073E+000  0.883212894411732E+000  0.545482646786552E+000  0.154519963763364E+001
  0.116175172549326E-033  0.149978962067353E+003 -0.539709947162015E+000  0.873689681802314E+000  0.379904067346102E+000  0.584009128085391E+000  0.154001424922662E+001
  0.196641147939996E-033  0.148916424337627E+003 -0.881801692528414E+000 -0.646438777091303E+000  0.262576430996783E+000 -0.514767104952407E+000  0.152938887192937E+001
  0.243501641174929E-033  0.148478962856879E+003  0.605008446223646E+000  0.799075763524939E+000 -0.611132394963231E+000 -0.383372087003580E+000  0.152501425712189E+001
  0.396322129348220E-033  0.147494780461680E+003 -0.482144133869595E+000  0.807173387518113E+000  0.752564567736662E+000 -0.254611785302439E+000  0.151517243316989E+001
  0.460377513943741E-033  0.147185166384924E+003  0.144547495923387E+000  0.940808803409586E+000 -0.179355164536694E+000  0.757557149135067E+000  0.151207629240233E+001
  0.489751338127686E-033  0.147051489394514E+003 -0.913711469938138E+000 -0.723772737185504E+000  0.387892104236704E+000 -0.395425413895553E-001  0.151073952249823E+001
  0.565253488388450E-033  0.146754761324573E+003  0.855693069490763E+000  0.480902073144135E+000 -0.312518891555569E+000 -0.668301392405292E+000  0.150777224179882E+001
  0.817799858503934E-033  0.146006099536825E+003  0.902688617264265E+000 -0.621611305909373E+000  0.546836947506587E+000 -0.276068654439188E-002  0.150028562392134E+001
  0.110682100311809E-032  0.145390865275288E+003  0.181182025988402E-001  0.223536389664533E+000  0.766434998844754E+000  0.925426327203927E+000  0.149413328130597E+001
  0.179629610214055E-032  0.144412420434932E+003 -0.183369728065155E+000  0.678429819740843E+000 -0.713244791714826E+000 -0.694074363818322E+000  0.148434883290241E+001
  0.179605993632810E-032  0.144402708316728E+003  0.619247513097049E+000 -0.851844992356232E+000 -0.191488836465376E+000  0.581787215182870E+000  0.148425171172037E+001
  0.187699529823312E-032  0.144304579411264E+003 -0.863960505658405E+000 -0.612942271274360E+000 -0.573754716090178E+000  0.178745531909243E+000  0.148327042266574E+001
  0.221175334139774E-032  0.143966377697313E+003  0.235466499071760E+000  0.852313863418252E+000 -0.786221735705611E+000  0.282595813610583E+000  0.147988840552623E+001
  0.239361418819485E-032  0.143798364877878E+003 -0.182681459066534E-001 -0.655320254486427E+000 -0.719316113706086E+000  0.728707242175916E+000  0.147820827733188E+001
  0.431319760904916E-032  0.142610639600142E+003  0.744213910632451E+000 -0.691906050620791E+000 -0.323716891851211E+000  0.573541690568523E+000  0.146633102455451E+001
  0.528194318264525E-032  0.142195435470446E+003 -0.249012042221663E+000  0.920861052320940E+000  0.735852967687706E+000  0.103476172859846E+000  0.146217898325756E+001
  0.622893291973350E-032  0.141855638427107E+003  0.229683952845615E+000  0.804512910509190E+000  0.702224676204804E+000  0.515427759809725E+000  0.145878101282417E+001
  0.716727258718058E-032  0.141565023038580E+003 -0.549641207719259E+000 -0.689621830751043E+000 -0.610534048457256E+000 -0.552665638466678E+000  0.145587485893890E+001
  0.768584346955129E-032  0.141415338082884E+003  0.299638641383617E+000 -0.137226310123028E+000 -0.845705502710469E+000 -0.794069163528571E+000  0.145437800938193E+001
  0.821949414699616E-032  0.141271105916657E+003  0.581513430094574E+000 -0.794016684099801E+000  0.263873526414423E+000 -0.643961245548270E+000  0.145293568771966E+001
  0.118042181798391E-031  0.140537234288471E+003 -0.679091116627225E+000 -0.273581160207738E+000 -0.197880780465831E+000  0.932967723052315E+000  0.144559697143781E+001
  0.131820420354116E-031  0.140306462183422E+003 -0.243421112062920E-001  0.727758563550821E+000 -0.643186921389346E+000  0.706664538052873E+000  0.144328925038732E+001
  0.259978394652023E-031  0.138938171129197E+003  0.611187223032498E+000 -0.709015956384330E+000 -0.267021926108416E+000 -0.694299778781941E+000  0.142960633984506E+001
  0.263997225139264E-031  0.138897515921806E+003 -0.921759289145513E+000 -0.156969859548053E+000 -0.693087735756857E+000  0.273037459668101E+000  0.142919978777115E+001
  0.281825103647159E-031  0.138756844665890E+003  0.728775200263863E+000  0.534529725726391E+000 -0.771046210381707E+000  0.128239995567835E+000  0.142779307521199E+001
  0.281507021943690E-031  0.138749128156259E+003 -0.860718737137542E+000 -0.733285830882526E+000 -0.179645246320310E+000  0.341904433076664E+000  0.142771591011568E+001
  0.505412399109936E-031  0.137568718401422E+003  0.672919671864854E+000 -0.771926370246685E+000  0.192173221685647E+000 -0.574708673650700E+000  0.141591181256731E+001
  0.535344400081333E-031  0.137443672217717E+003  0.504667773042440E+000  0.750273527853253E+000 -0.769825728136663E+000  0.665565269837898E-001  0.141466135073027E+001
  0.778305221775046E-031  0.136685280164907E+003  0.811016221959240E+000  0.297918761754112E+000  0.624831954128702E+000 -0.519768754751319E+000  0.140707743020217E+001
  0.838114727390568E-031  0.136527232613573E+003  0.635716635171096E+000  0.172403273994461E-001 -0.874843443311065E+000 -0.485502868438859E+000  0.140549695468882E+001
  0.126875212699616E-030  0.135687989286683E+003  0.776559963677617E-001  0.372306531513468E+000 -0.571467641362826E+000  0.962230039603670E+000  0.139710452141993E+001
  0.203234977162034E-030  0.134735696590962E+003  0.442065092536227E+000  0.951802279818200E+000 -0.464298579555204E+000 -0.265818166383627E+000  0.138758159446272E+001
  0.222135143287565E-030  0.134547875272720E+003 -0.256923088348245E+000 -0.988115234299103E+000 -0.560942291397780E+000  0.169310181091774E+000  0.138570338128029E+001
  0.253289636015363E-030  0.134275404809464E+003 -0.274610675409781E+000  0.106344821300757E+000 -0.753257230709609E+000  0.853734137167376E+000  0.138297867664774E+001
  0.324416759692259E-030  0.133770439037945E+003 -0.753485886188996E+000 -0.578978663375467E+000 -0.682748416924216E+000  0.939486284624060E-001  0.137792901893255E+001
  0.579426565532713E-030  0.132600444055347E+003 -0.578597085291825E+000  0.149101497555793E+000 -0.976187538855281E+000  0.237236410377200E+000  0.136622906910656E+001
  0.626025500077518E-030  0.132435764630603E+003 -0.488242590366691E+000 -0.740590861568884E+000  0.712821283750030E+000  0.263841696865320E+000  0.136458227485913E+001
  0.623838297057072E-030  0.132432789367108E+003  0.625601246984367E+000 -0.314392668040304E+000 -0.149916992293675E-001 -0.934937485200210E+000  0.136455252222417E+001
  0.631010619284308E-030  0.132399951291610E+003  0.197735372827219E+000 -0.117967286516153E+000 -0.703952157882563E+000  0.903138938661474E+000  0.136422414146919E+001
  0.948590065401075E-030  0.131574668111010E+003 -0.446733553888642E+000  0.102325305481367E+000  0.735258535635247E+000  0.778026258635834E+000  0.135597130966319E+001
  0.106904383378903E-029  0.131325606679624E+003  0.762491281967044E+000 -0.179506375339614E+000 -0.715904940449764E+000  0.476807422053851E+000  0.135348069534933E+001
  0.115244033798198E-029  0.131165397413824E+003 -0.646307842749717E+000 -0.286352331478800E+000  0.317006632886432E+000 -0.866991298718853E+000  0.135187860269133E+001
  0.148793575727213E-029  0.130644406261738E+003 -0.147070130503750E+000  0.965657533722858E+000 -0.608629918323480E+000 -0.148708499992210E+000  0.134666869117048E+001
  0.163831882756651E-029  0.130441869480093E+003  0.187397070197871E+000 -0.191222504201569E+000 -0.954982896829955E+000 -0.600805527674665E+000  0.134464332335403E+001
  0.209205000612590E-029  0.129942946720062E+003 -0.782260825571111E+000  0.762823916485798E+000 -0.265072675513845E+000  0.274878601683942E+000  0.133965409575372E+001
  0.214825257780882E-029  0.129879951021541E+003 -0.622711705338467E+000 -0.781687200773163E+000 -0.580341207549941E+000  0.585104586365723E-001  0.133902413876851E+001
  0.263912315364726E-029  0.129458392006420E+003  0.503757564350972E+000  0.680538274490023E+000 -0.786015991492616E+000  0.913143189705501E-002  0.133480854861729E+001
  0.295656038947030E-029  0.129221257245692E+003 -0.461850828992953E+000  0.496372895205192E+000  0.820975014290946E+000 -0.445808240821250E+000  0.133243720101002E+001
  0.545153436082069E-029  0.127987541080516E+003  0.622455803310071E+000 -0.548786274590336E+000 -0.786811680133052E+000  0.111399358666646E+000  0.132010003935826E+001
  0.854668660107136E-029  0.127078272852189E+003  0.193807193453371E+000 -0.574920666552360E+000 -0.968470870905885E+000  0.705445123202144E-001  0.131100735707498E+001
  0.866514643289072E-029  0.127040767476012E+003  0.598847561659267E+000  0.649720954157017E+000  0.727338255658589E+000  0.292514066804714E-001  0.131063230331322E+001
  0.875763657668116E-029  0.127009557895017E+003 -0.995938102396764E+000  0.541498508522502E+000 -0.415322307596433E-001  0.153238189670966E+000  0.131032020750327E+001
  0.122022489331198E-028  0.126336194407661E+003 -0.616081826606159E+000 -0.856766533220468E+000  0.103336020973365E+000  0.423441294488496E+000  0.130358657262970E+001
  0.154030427210724E-028  0.125860329733313E+003  0.398906763085400E+000  0.594204568463563E+000  0.245974185071857E+000  0.852126135819237E+000  0.129882792588623E+001
  0.214116369450193E-028  0.125191615675260E+003  0.529346685273130E+000  0.180699827258826E+000 -0.940119286138004E+000 -0.308959823206917E+000  0.129214078530570E+001
  0.221512840645698E-028  0.125113718773410E+003 -0.734481299629883E+000  0.539907995166782E+000 -0.623383115045839E+000  0.267940078024786E+000  0.129136181628720E+001
  0.314485158374208E-028  0.124402831040927E+003  0.806094169020259E+000  0.500564459532387E+000 -0.297843634701019E+000  0.543313464544215E+000  0.128425293896236E+001
  0.830071573180667E-028  0.122451705865959E+003  0.293988960228051E-001  0.966709280288534E+000  0.281492601863472E+000  0.500112461977792E+000  0.126474168721269E+001
  0.114738240132223E-027  0.121794277734228E+003  0.437521825911463E+000 -0.948704947051576E+000  0.203813162809980E+000  0.353781254240155E+000  0.125816740589538E+001
  0.130316533156174E-027  0.121529676650781E+003 -0.310509895302999E+000  0.811223629978630E+000 -0.332547869894991E+000  0.624846490245745E+000  0.125552139506091E+001
  0.157086124054934E-027  0.121146045858940E+003  0.761756654955191E+000 -0.786517626743205E+000  0.218915433597110E+000 -0.698422617703491E-001  0.125168508714249E+001
  0.192687245860008E-027  0.120727522434079E+003 -0.485428294837599E+000 -0.406684891295005E+000 -0.881158051744471E+000  0.264626360182067E+000  0.124749985289389E+001
  0.211649732461174E-027  0.120529818718695E+003 -0.443934782939814E+000 -0.926982070131833E+000  0.408463746316357E+000 -0.149353050974972E+000  0.124552281574005E+001
  0.223738973343652E-027  0.120408748891890E+003 -0.774040093119818E+000 -0.289759842061641E+000  0.506863722389760E+000  0.551636159591330E+000  0.124431211747200E+001
  0.249504385199692E-027  0.120180780976482E+003 -0.883397054340743E+000  0.726703655070065E-001 -0.271691585610778E+000 -0.618502047680845E+000  0.124203243831792E+001
  0.257903832475925E-027  0.120104585329247E+003  0.474463449884142E+000  0.386476973496891E+000 -0.361321828033649E+000  0.858042540969099E+000  0.124127048184556E+001
  0.272488751412460E-027  0.119984589124352E+003  0.463212301823402E+000  0.673148268584291E+000 -0.363162640991757E+000  0.663693594911043E+000  0.124007051979662E+001
  0.421980099577947E-027  0.119099892398340E+003  0.420230450849193E+000  0.920694847317967E+000 -0.228893339710908E+000 -0.393139616260832E+000  0.123122355253650E+001
  0.424665583762844E-027  0.119077229631466E+003  0.856170436741472E+000  0.156516389178938E-001  0.544478488176005E+000 -0.448628253936856E+000  0.123099692486776E+001
  0.451384104208209E-027  0.118945221244672E+003  0.643558983534448E+000  0.785822232286489E+000 -0.222795533492538E+000  0.385167814351073E+000  0.122967684099982E+001
  0.583119304594798E-027  0.118423099851298E+003 -0.711402792815546E+000 -0.307092416310004E-001 -0.814157453446950E+000 -0.233594257026026E+000  0.122445562706607E+001
  0.780612387022859E-027  0.117829750930878E+003 -0.441081105800315E+000 -0.705849375911444E+000 -0.702618383807791E+000 -0.179091209244352E+000  0.121852213786188E+001
  0.830290258042085E-027  0.117696382597999E+003  0.735114115759325E+000  0.132276446836996E+000  0.530639376498389E+000  0.614589688382460E+000  0.121718845453308E+001
  0.261094924464180E-026  0.115395019952338E+003 -0.321942833259669E+000 -0.320929512499401E+000 -0.958097880580486E+000  0.263780854921829E+000  0.119417482807648E+001
  0.319289424334834E-026  0.114982616986718E+003 -0.275987877532854E+000 -0.966592356610222E+000 -0.123463656182130E-001  0.423589746422063E+000  0.119005079842028E+001
  0.363989433518783E-026  0.114710588182385E+003  0.538531687735721E+000 -0.428728303074199E+000  0.118561313002042E+000  0.836330908722030E+000  0.118733051037695E+001
  0.394186469210208E-026  0.114541214637311E+003  0.485878633929403E+000 -0.955635324041174E+000  0.188137433865797E+000  0.304000236877220E-001  0.118563677492620E+001
  0.426330389366747E-026  0.114374458478042E+003  0.395061085782858E+000 -0.528101960596248E-001  0.927694266607041E+000  0.405574139622036E+000  0.118396921333352E+001
  0.684707500958314E-026  0.113416929127823E+003  0.251722740663560E+000  0.521256359371118E+000  0.580474824615287E-001 -0.914304040929054E+000  0.117439391983133E+001
  0.738962310012788E-026  0.113254443690515E+003  0.363936599804602E+000 -0.448948579247113E+000  0.842115630481172E+000 -0.360007853903511E+000  0.117276906545825E+001
  0.903331801593341E-026  0.112842782585014E+003  0.226093057012924E-001 -0.431950971449736E+000 -0.447645420774539E+000 -0.883840035991900E+000  0.116865245440324E+001
  0.144072632292122E-025  0.111899182048444E+003 -0.216603546191225E+000  0.742086217694880E+000 -0.645534117403078E+000  0.380648264925589E+000  0.115921644903754E+001
  0.166311093580621E-025  0.111602121907653E+003  0.398958104676531E+000 -0.111492718972060E+000 -0.868472964464382E+000  0.480002460361610E+000  0.115624584762962E+001
  0.191525784375056E-025  0.111309822121436E+003 -0.720510641521666E+000  0.609340434790478E+000 -0.199240373015029E+000  0.472434941035987E+000  0.115332284976746E+001
  0.243524030083609E-025  0.110819460678383E+003 -0.594161388572178E+000  0.490686049649803E+000  0.673566414572100E+000  0.317690046281700E+000  0.114841923533693E+001
  0.246197555401151E-025  0.110787648274258E+003  0.648562318127408E-001  0.189539357824928E-001 -0.770259312813677E+000 -0.741779023586463E+000  0.114810111129568E+001
  0.269373397848091E-025  0.110597744733643E+003 -0.319625861870612E+000 -0.720595090004668E+000  0.383680513932481E+000  0.614469986087738E+000  0.114620207588953E+001
  0.297040227862338E-025  0.110392231523017E+003  0.487587552546604E+000 -0.436620591068353E+000 -0.639728489518228E+000 -0.553638186488909E+000  0.114414694378327E+001
  0.308261666751272E-025  0.110308093614612E+003 -0.400418633105199E+000  0.828762375331550E+000 -0.236479704790662E+000  0.490102802908037E+000  0.114330556469922E+001
  0.364570360138340E-025  0.109962577381430E+003 -0.558896634416869E+000 -0.245802531079883E+000 -0.297748456875647E-001 -0.875316816177946E+000  0.113985040236739E+001
  0.384559868619278E-025  0.109845842464015E+003 -0.633239129401997E-001  0.677235724124506E+000 -0.620520419401936E+000  0.539424988592470E+000  0.113868305319324E+001
  0.437765468957092E-025  0.109576699728956E+003 -0.299179591181366E+000 -0.835310689934075E+000  0.523035630796107E+000 -0.274176910520895E+000  0.113599162584265E+001
  0.439501982535910E-025  0.109558806805855E+003 -0.667897842823271E-001 -0.937056507188325E+000 -0.255411803453267E+000  0.433637791618684E+000  0.113581269661164E+001
  0.449271749204953E-025  0.109504860305351E+003  0.326507283401358E+000 -0.583316205694067E-001 -0.832292999878168E+000  0.576673226262512E+000  0.113527323160660E+001
  0.743733363127959E-025  0.108486775920407E+003 -0.421293819243937E+000 -0.660078505836822E+000 -0.688036150997442E+000  0.196230799511393E+000  0.112509238775717E+001
  0.875700772268960E-025  0.108150117115967E+003  0.875862136816906E+000 -0.366284859402716E+000 -0.442191496785390E+000 -0.157776420755175E+000  0.112172579971276E+001
  0.138709918642758E-024  0.107220251071292E+003  0.400611426441708E+000 -0.488365510031221E+000 -0.145436690598428E+000 -0.832036610919304E+000  0.111242713926602E+001
  0.154232373946614E-024  0.106998124887032E+003 -0.684025756701308E+000 -0.345318555977866E+000  0.385172867045206E+000  0.612136911958558E+000  0.111020587742342E+001
  0.181055373580867E-024  0.106667464746014E+003 -0.446125143566241E+000 -0.381478761095822E+000 -0.643596739342205E+000 -0.590024426809704E+000  0.110689927601324E+001
  0.181006863831032E-024  0.106658025590191E+003  0.210126629407584E+000  0.911354553599462E+000  0.208930324957146E+000 -0.434088333194565E+000  0.110680488445500E+001
  0.198115034239170E-024  0.106467424725706E+003 -0.581813449464662E+000  0.711679130254506E+000  0.346813401292082E+000  0.373664643867463E+000  0.110489887581016E+001
  0.231337575335909E-024  0.106147389310962E+003  0.308013477988072E-001 -0.368813295827267E+000  0.427029657912729E+000 -0.884518073710457E+000  0.110169852166271E+001
  0.283382694215332E-024  0.105731573724614E+003  0.307730587397161E+000 -0.963406058605191E+000  0.252181920574914E+000 -0.105334213612655E+000  0.109754036579924E+001
  0.285469577602520E-024  0.105706924232416E+003  0.574275704243275E+000  0.941262777829870E-001  0.202278651040429E+000  0.847186447930519E+000  0.109729387087725E+001
  0.339051845051978E-024  0.105352914017723E+003 -0.142523774890803E+000  0.131574251873760E+000 -0.636334343840159E+000  0.806974325127250E+000  0.109375376873033E+001
  0.533364748035655E-024  0.104436833955805E+003 -0.598937936241149E+000  0.358541573322350E+000  0.175222667729912E+000 -0.752735859087026E+000  0.108459296811114E+001
  0.548374200100775E-024  0.104371354111940E+003  0.767867984717661E-001  0.407356102871311E+000  0.794110189773054E+000 -0.530558167598099E+000  0.108393816967249E+001
  0.586073216912488E-024  0.104228405379927E+003 -0.306270250489048E+000  0.230417541375117E+000  0.889481526287363E+000  0.380049453410853E+000  0.108250868235236E+001
  0.846420595812693E-024  0.103483286959052E+003  0.194913889319728E+000  0.614160189542230E+000  0.494374141059143E+000  0.644567718806459E+000  0.107505749814362E+001
  0.986327539896133E-024  0.103167367684493E+003 -0.331858368870019E+000  0.367643936014946E+000 -0.820871928598738E+000 -0.390865119394126E+000  0.107189830539803E+001
  0.990747299713630E-024  0.103148450568339E+003 -0.113726567071645E+000 -0.691529751059653E+000  0.463048171471920E+000 -0.605101971963792E+000  0.107170913423649E+001
  0.109611065102600E-023  0.102936347655701E+003  0.757097558347208E+000 -0.124493817529017E+000  0.327222249938364E-001  0.692691805670683E+000  0.106958810511011E+001
  0.113128281852984E-023  0.102863204404537E+003 -0.532351058037348E+000  0.904933560205898E-001 -0.627186700374655E+000 -0.619602145730844E+000  0.106885667259847E+001
  0.113459879179098E-023  0.102847375572381E+003  0.111639526653445E+000  0.524158830495280E-002  0.872745757056208E+000  0.542699152070401E+000  0.106869838427691E+001
  0.119025814934266E-023  0.102741618259790E+003 -0.670174064240636E-001  0.168765333076231E+000  0.766683700963232E+000  0.668478753152393E+000  0.106764081115100E+001
  0.125894981368940E-023  0.102619427823952E+003 -0.933574530308188E+000  0.478575409777453E-001 -0.421517580870482E+000  0.122024948027522E+000  0.106641890679261E+001
  0.139809665190744E-023  0.102399784970853E+003 -0.589517057152018E+000 -0.561962106518553E+000 -0.576177675291162E+000  0.262507133087382E+000  0.106422247826163E+001
  0.143885552951410E-023  0.102332337389521E+003 -0.206106197680029E+000 -0.751637415221416E+000  0.406874458691566E+000 -0.539038596605013E+000  0.106354800244831E+001
  0.154655424530809E-023  0.102177999581927E+003 -0.406841855755395E+000  0.705345835144554E+000  0.150558460291867E+000  0.613436004532378E+000  0.106200462437237E+001
  0.180412130234208E-023  0.101859935956023E+003  0.792250400585590E-001 -0.283070017774136E+000 -0.712427273542851E+000 -0.681810916670228E+000  0.105882398811333E+001
  0.197851763191514E-023  0.101665412406168E+003 -0.690853823599082E+000  0.506913755404816E+000 -0.220426971996309E+000  0.523497986272372E+000  0.105687875261477E+001
  0.207676391990239E-023  0.101558511361374E+003  0.586606673500497E+000 -0.215571340787374E+000  0.792722640468130E+000  0.191891024000318E+000  0.105580974216684E+001
  0.275510691778629E-023  0.100983245526277E+003 -0.232373372034477E+000  0.978201869905352E+000  0.148866127796571E+000 -0.130459486024306E+000  0.105005708381587E+001
  0.284711905663229E-023  0.100907567692831E+003 -0.121192349918558E+000  0.277187166499119E+000 -0.518345850363604E+000 -0.830119011914346E+000  0.104930030548141E+001
  0.399789264339786E-023  0.100218673094923E+003  0.332660711146301E+000 -0.271783979705538E+000 -0.595643822808805E+000  0.709288457178810E+000  0.104241135950233E+001
  0.402460009632072E-023  0.100195381676216E+003  0.755571814516345E+000  0.441223425169604E+000 -0.525935288531645E+000 -0.190782139552614E-002  0.104217844531526E+001
  0.733876475836512E-023  0.989839166163343E+002  0.149117119766893E+000  0.869537350016448E+000 -0.499153490352827E+000 -0.507786303855047E-001  0.103006379471644E+001
  0.844422622451093E-023  0.986933167705745E+002 -0.350485025592674E-001  0.910775282764388E+000  0.434712212224290E+000  0.862732610703174E-001  0.102715779625884E+001
  0.851910319823029E-023  0.986656853753614E+002  0.258907405839109E+000  0.153836441989484E+000 -0.517166870981161E+000 -0.817753761338916E+000  0.102688148230671E+001
  0.941674427231655E-023  0.984553536256977E+002  0.110901061239515E+000 -0.307229143960972E+000  0.334171444258053E-001 -0.957586897876875E+000  0.102477816481007E+001
  0.144165462157861E-022  0.975936041836712E+002 -0.281680445776287E+000  0.409579923867964E-001 -0.797564698299092E+000  0.546836165358329E+000  0.101616067038981E+001
  0.148155717959329E-022  0.975290247280027E+002 -0.971924510143387E-001  0.866972309215923E+000 -0.136448967740911E+000  0.485601892041412E+000  0.101551487583312E+001
  0.164470916238528E-022  0.973101098758308E+002  0.869020794059989E-001  0.468678466667594E+000 -0.778359621362535E+000 -0.424582795954808E+000  0.101332572731140E+001
  0.202490472518297E-022  0.968842166276993E+002 -0.118970673782539E+000 -0.280988234040391E+000 -0.153871255958525E+000 -0.944606808429003E+000  0.100906679483009E+001
  0.222268962675357E-022  0.966878508327155E+002  0.510783530861548E+000 -0.140090920699378E+000 -0.778051384345066E+000 -0.348157864678061E+000  0.100710313688025E+001
  0.263664492015740E-022  0.963362972712747E+002  0.373206000097607E+000 -0.397223190519532E+000  0.406421272031436E-001  0.839563480129332E+000  0.100358760126584E+001
  0.283346233972374E-022  0.961823378680340E+002  0.834933891250082E+000  0.220609257914984E+000 -0.292319141708709E+000 -0.413297083450049E+000  0.100204800723344E+001
  0.307919008253923E-022  0.960060283915479E+002 -0.439477905533716E-001  0.544148809634549E+000  0.441005946314147E+000 -0.712579351695598E+000  0.100028491246858E+001
  0.311766852637035E-022  0.959712156023293E+002  0.463994305528561E+000 -0.405620180203473E+000 -0.620434991219077E-001 -0.785027988444915E+000  0.999936784576390E+000
  0.354237295655189E-022  0.957058177713121E+002 -0.857869821747857E+000 -0.469148795177302E+000 -0.202443694593615E+000  0.160665398730278E-001  0.997282806266218E+000
  0.395230187449019E-022  0.954768400224355E+002 -0.486656786424654E-001  0.150719749248387E+000  0.979199936769846E+000  0.105241253870108E+000  0.994993028777452E+000
  0.408929545430781E-022  0.953987158745299E+002 -0.694443435909062E+000 -0.358643221515762E+000 -0.540135653306496E+000 -0.302636113689647E+000  0.994211787298395E+000
  0.458131796470330E-022  0.951615127369218E+002  0.919647135658721E+000  0.103806502654130E+000  0.357122920978578E+000  0.881835081830542E-001  0.991839755922315E+000
  0.611634780823273E-022  0.945735807877383E+002 -0.814019082600602E+000  0.137744608647712E+000 -0.417494457856048E+000 -0.360635785856764E+000  0.985960436430479E+000
  0.616533077644432E-022  0.945476524365721E+002 -0.291620202534202E+000  0.370811617437454E+000  0.871583845033536E+000 -0.591536629694622E-001  0.985701152918818E+000
  0.749000463033636E-022  0.941484221002902E+002 -0.198794013687088E+000 -0.437347447321835E+000 -0.333726376961724E+000  0.799714764975146E+000  0.981708849555998E+000
  0.781989663332566E-022  0.940522431762808E+002 -0.275160422862837E+000  0.447833150949704E+000 -0.836188277921336E+000  0.725839843440670E-001  0.980747060315904E+000
  0.807556254962240E-022  0.939779257011686E+002 -0.919878784868395E+000  0.148601073038228E+000 -0.182042201837486E+000  0.280366304244778E+000  0.980003885564783E+000
  0.819024431416411E-022  0.939397482262681E+002 -0.331611929898476E+000  0.343663026748820E+000 -0.497220387624352E-001 -0.865493548024439E+000  0.979622110815778E+000
  0.899153180215331E-022  0.937430941526049E+002 -0.749888192811319E+000 -0.389983903873836E-002  0.441169152086022E+000 -0.469763598913850E+000  0.977655570079146E+000
  0.101984099467460E-021  0.934812218755134E+002  0.161629572729176E-001  0.106562608377319E+000 -0.956252083924395E+000 -0.221363882795950E+000  0.975036847308231E+000
  0.113630632657361E-021  0.932549743723866E+002  0.881066036880874E+000 -0.247490348714374E-002 -0.396576205386764E+000  0.198035853081599E+000  0.972774372276963E+000
  0.114080500958487E-021  0.932370968406917E+002  0.217859335759556E-001  0.563271969433025E+000 -0.683256203914926E+000  0.433597299716041E+000  0.972595596960013E+000
  0.119712075266556E-021  0.931307514797729E+002  0.835292385821627E+000 -0.370184679588363E+000 -0.369352939590188E+000 -0.189863781008142E-001  0.971532143350825E+000
  0.125932364480667E-021  0.930194654245578E+002 -0.181920989457255E+000  0.407615864430194E+000  0.677065865843165E+000  0.559245166960287E+000  0.970419282798675E+000
  0.125401266035292E-021  0.930179428392741E+002 -0.417668619898520E-001 -0.564093562009903E-001 -0.981031045226340E+000 -0.552780157066384E-001  0.970404056945838E+000
  0.133360036076886E-021  0.928849001865681E+002 -0.362957708073162E-001 -0.110829723548547E+000  0.950252687730836E+000  0.229113180063382E+000  0.969073630418778E+000
  0.149880955142573E-021  0.926413474282351E+002  0.784287107068776E+000  0.146059511683879E+000 -0.296192267573865E+000 -0.492411003326750E+000  0.966638102835448E+000
  0.205291074110123E-021  0.920021973468964E+002 -0.505531642106093E+000  0.289606184468875E+000 -0.249048730200832E+000 -0.747520801552914E+000  0.960246602022061E+000
  0.375205380627762E-021  0.907861328399888E+002 -0.310086137471018E+000 -0.154218255438883E+000 -0.453580401812577E+000  0.788932248727493E+000  0.948085956952985E+000
  0.379820164365046E-021  0.907517090943487E+002  0.132212421735031E+000 -0.232035330608883E+000 -0.735142817976749E+000  0.579643198495396E+000  0.947741719496584E+000
  0.445755897662359E-021  0.904215868143271E+002 -0.379518412163231E+000  0.355195596128587E+000  0.702670376438906E+000  0.424849034471695E+000  0.944440496696368E+000
  0.506925781092506E-021  0.901544254973704E+002  0.137000810091788E+000  0.396830840358948E+000 -0.832119970158359E+000 -0.270372522577012E+000  0.941768883526801E+000
  0.521751153104506E-021  0.900867981112921E+002 -0.678918080471066E+000  0.569660794482092E+000 -0.295345575864847E-002  0.394513252001266E+000  0.941092609666017E+000
  0.673585619325852E-021  0.895659743128847E+002 -0.261427446811641E+000  0.555789006118333E+000  0.724211303559259E+000  0.184815124409462E+000  0.935884371681944E+000
  0.839325813063888E-021  0.891160315251328E+002  0.685407522295813E+000 -0.268035957514549E+000  0.400284508953311E+000 -0.479093424663712E+000  0.931384943804424E+000
  0.854076088729952E-021  0.890712138008911E+002 -0.380274575077087E+000  0.575373915226831E+000  0.598220215843682E+000 -0.312098454248710E+000  0.930936766562008E+000
  0.128552991725566E-020  0.882434266926742E+002 -0.868724983926539E+000 -0.315101008015535E-001  0.237231526642281E+000  0.332722277727418E+000  0.922658895479838E+000
  0.132232694408727E-020  0.881770076081579E+002 -0.171477533579791E+000 -0.863806378289092E+000 -0.293298256827370E+000  0.245773947930156E+000  0.921994704634675E+000
  0.132273105288634E-020  0.881664214099124E+002  0.856227298026396E+000  0.318169122982000E+000 -0.471736670547832E-001 -0.292073126261400E+000  0.921888842652220E+000
  0.145202021579061E-020  0.879699318061718E+002 -0.568795429634620E+000  0.564008188196073E+000  0.249906580934246E+000 -0.464582791647648E+000  0.919923946614815E+000
  0.148741719874417E-020  0.879117860168457E+002  0.352329090836957E+000  0.402477426292120E+000  0.602985802493126E+000  0.519255952097373E+000  0.919342488721554E+000
  0.186191023495932E-020  0.874526873806691E+002 -0.265418191011117E+000  0.568516664882954E+000 -0.567290033191915E+000 -0.446402851952866E+000  0.914751502359787E+000
  0.193406455852229E-020  0.873666706805537E+002 -0.172798429936024E+000  0.919292548344303E+000 -0.175708831374341E+000  0.897755819027557E-001  0.913891335358633E+000
  0.198879817936052E-020  0.873008820994812E+002  0.137109572474640E+000 -0.899834155335957E+000 -0.208302826580554E+000  0.203329387972094E+000  0.913233449547909E+000
  0.306554382722717E-020  0.864255180990253E+002 -0.839000297661427E+000  0.131335404169222E+000 -0.423710451544582E+000 -0.614717409138499E-001  0.904479809543349E+000
  0.394926320357353E-020  0.859089349245461E+002  0.412992131450167E-001 -0.121501389404033E-002 -0.935484754957581E+000  0.149917143033583E+000  0.899313977798557E+000
  0.925189980160602E-020  0.841963600742836E+002 -0.774136663048740E+000 -0.290617949414687E+000  0.435806922722583E+000 -0.922723675038689E-001  0.882188229295933E+000
  0.931948099535104E-020  0.841718289401426E+002 -0.429847972263649E+000 -0.468159501039862E+000 -0.675995415676835E+000  0.145019027252850E+000  0.881942917954522E+000
  0.122887418326818E-019  0.836087006468635E+002  0.339947075530134E-002 -0.553022907863638E+000 -0.448478248662542E+000  0.607727737128183E+000  0.876311635021732E+000
  0.171443024927567E-019  0.829327608495038E+002 -0.436276809010863E+000 -0.303092482977002E+000  0.452009673501457E+000  0.618899818057313E+000  0.869552237048134E+000
  0.191737203331258E-019  0.826990363533542E+002 -0.190552441475172E+000  0.626057181617946E+000  0.554318734812388E+000  0.362888281314067E+000  0.867214992086638E+000
  0.199998680885324E-019  0.826046911320422E+002 -0.115327006979917E-001 -0.836491550488185E+000 -0.402468874710748E+000 -0.666275283877821E-001  0.866271539873518E+000
  0.209081991841160E-019  0.825058846299394E+002  0.367612090871853E+000 -0.468568043231626E+000 -0.714464289009759E+000  0.113839399673330E-001  0.865283474852491E+000
  0.210814171874736E-019  0.824794084210744E+002 -0.435982296262710E+000 -0.576469113310348E+000 -0.536624673211175E+000 -0.233785097064622E+000  0.865018712763840E+000
  0.248451548154236E-019  0.821408917263225E+002 -0.302935188572135E-001 -0.348052131844413E+000  0.523091451791273E+000  0.682605958890652E+000  0.861633545816322E+000
  0.247336525857586E-019  0.821399126174677E+002  0.334873923651153E+000  0.300698395764547E+000 -0.806778288709507E+000 -0.904017568294011E-001  0.861623754727774E+000
  0.277611266556751E-019  0.818989936320613E+002  0.148521132429514E+000 -0.231616317080126E+000 -0.875647660927032E+000 -0.129426016205476E+000  0.859214564873709E+000
  0.329650433898309E-019  0.815453965722199E+002 -0.303743398012264E+000 -0.133803587922649E+000 -0.729799993143242E+000  0.461418586867075E+000  0.855678594275295E+000
  0.363005868400246E-019  0.813426490917414E+002 -0.344006902924151E+000 -0.555890661034326E+000 -0.652090994367732E+000 -0.327609256640631E-001  0.853651119470510E+000
  0.373154273063967E-019  0.812775281400867E+002 -0.353346398942146E+000  0.723442197230938E+000  0.269506168987732E+000 -0.363516223093014E+000  0.852999909953964E+000
  0.396372562236753E-019  0.811468277613577E+002  0.449352064828591E+000  0.489811514532335E+000  0.375499783198475E+000  0.518517329556489E+000  0.851692906166673E+000
  0.402329411786598E-019  0.811070194729819E+002  0.223480322306986E-001  0.728958065783180E+000  0.393820320732235E+000  0.405365368582883E+000  0.851294823282916E+000
  0.466569124242275E-019  0.808007743894915E+002  0.249588100814975E+000  0.837308963297332E-001  0.451572829649403E-001 -0.881412564679350E+000  0.848232372448012E+000
  0.558823144450160E-019  0.804299455883760E+002  0.579729529765853E+000  0.543005345893272E+000 -0.756930745654610E-001 -0.455909540971095E+000  0.844524084436856E+000
  0.634587022943046E-019  0.801656877351640E+002  0.711872780921655E+000  0.535403574642153E+000 -0.108430020398793E+000  0.191584426883630E+000  0.841881505904737E+000
  0.635877714234153E-019  0.801516489683658E+002  0.432123046466594E+000  0.524570370794928E+000 -0.527585807573048E+000 -0.318574846277530E+000  0.841741118236755E+000
  0.716844286956752E-019  0.799019691405948E+002 -0.359587520314290E+000 -0.346304121300600E+000  0.359142411496928E+000 -0.678992871116962E+000  0.839244319959044E+000
  0.114959979804892E-018  0.789473730274066E+002 -0.810885431105319E-001 -0.122617009645163E+000 -0.827499423297897E+000 -0.351187671182659E+000  0.829698358827162E+000
  0.123213083742332E-018  0.787987355872487E+002 -0.567883006307640E+000  0.655069250201647E+000 -0.107822511233290E+000  0.254910688446324E+000  0.828211984425583E+000
  0.132425125378347E-018  0.786445562051270E+002  0.133182492712228E+000 -0.210922711180329E+000 -0.689588718352285E+000 -0.537504998738538E+000  0.826670190604367E+000
  0.138098773776775E-018  0.785506775482714E+002 -0.286331514077617E+000 -0.781627788755256E+000 -0.223498478536770E-001 -0.363736377378337E+000  0.825731404035810E+000
  0.137831879947503E-018  0.785445714650708E+002  0.778328010556256E+000  0.175850708100067E+000  0.645602927161768E-001  0.429865500188665E+000  0.825670343203805E+000
  0.150311379669322E-018  0.783612477306384E+002  0.562813278839680E+000  0.109722838862361E+000 -0.339675428462323E+000 -0.616165416874503E+000  0.823837105859480E+000
  0.152667899065198E-018  0.783201607256882E+002  0.380481043063171E+000 -0.246466359119331E+000 -0.705096037528245E+000  0.347497227850769E+000  0.823426235809979E+000
  0.162247315683089E-018  0.781884719562096E+002 -0.183344054992284E+000 -0.209488189381381E+000 -0.531825119945019E+000 -0.679537376396145E+000  0.822109348115193E+000
  0.161643581194883E-018  0.781859529047495E+002 -0.205833263828676E+000  0.161199386572726E+000  0.777466358618106E+000  0.386364651706008E+000  0.822084157600591E+000
  0.196616044743372E-018  0.777842597814305E+002  0.732503487661452E+000  0.499371386024154E+000  0.121966527461515E+000  0.131370666172113E+000  0.818067226367401E+000
  0.224072527102233E-018  0.775128507670749E+002  0.524680697132456E+000 -0.881089749640522E-001 -0.450999899632077E+000  0.573497342054073E+000  0.815353136223846E+000
  0.228583168731952E-018  0.774630150042522E+002  0.297489275032574E+000 -0.347668677396062E+000 -0.751069313389332E+000  0.203411619822375E+000  0.814854778595618E+000
  0.233271475287084E-018  0.774124343527096E+002  0.548869082622084E+000  0.614867098957982E+000 -0.317916999138320E+000 -0.184279501029456E+000  0.814348972080193E+000
  0.298389916097612E-018  0.769100629312795E+002 -0.248129356933227E+000  0.367631421097494E-001 -0.863523501123082E+000  0.270686993434828E-001  0.809325257865892E+000
  0.298670787576518E-018  0.768982061534958E+002 -0.286997048493102E+000 -0.827020661929943E+000 -0.748166782153310E-001  0.193076859426720E+000  0.809206690088054E+000
  0.308273872147072E-018  0.768249377479627E+002  0.774553066656317E+000 -0.123326209601065E+000 -0.439333737632500E+000  0.178344040918532E-001  0.808474006032724E+000
  0.335613650998177E-018  0.766450185309317E+002 -0.494228338967374E+000  0.524457785576232E+000  0.413822142364463E+000  0.340746868600908E+000  0.806674813862414E+000
  0.435754184233522E-018  0.761128081747796E+002 -0.262256648162379E+000 -0.212895543750053E+000 -0.415705043356615E+000  0.717244006719311E+000  0.801352710300892E+000
  0.499001926375098E-018  0.758317697527788E+002  0.234153076062344E+000 -0.860286707597236E+000 -0.492317014170756E-001  0.346075621579298E-001  0.798542326080884E+000
  0.526879723858479E-018  0.757130699931454E+002 -0.577156864334191E+000 -0.318333806659795E+000  0.251042312008673E+000  0.547619053316536E+000  0.797355328484550E+000
  0.543311909086590E-018  0.756416723527124E+002  0.137710827804191E+000  0.147297434397844E-001  0.869202793768461E+000 -0.148143909591334E+000  0.796641352080221E+000
  0.627811775316521E-018  0.753425836147242E+002  0.286980818578367E+000 -0.622337125596142E+000 -0.352730660897614E+000 -0.446732646485449E+000  0.793650464700339E+000
  0.915750958753495E-018  0.745776004358844E+002  0.999834339362151E-001 -0.808935250330389E+000  0.293169759607694E-001 -0.347517224815821E+000  0.786000632911941E+000
  0.104753144060000E-017  0.742987309176219E+002  0.481996779709990E+000  0.610343512988909E+000 -0.879558059106711E-001 -0.413080639146253E+000  0.783211937729316E+000
  0.119843814058498E-017  0.740195902900521E+002 -0.749429580623639E+000 -0.337619658473016E-001 -0.773429458192254E-002  0.466450582044164E+000  0.780420531453617E+000
  0.131554627415289E-017  0.738231495321414E+002 -0.501529525041835E+000 -0.114544331065726E+000  0.302031953834510E-001  0.716164522016524E+000  0.778456123874511E+000
  0.159622789410268E-017  0.734263918838180E+002 -0.520924026713687E-002  0.174561633066828E-001  0.146225904782649E+000 -0.867625886163052E+000  0.774488547391277E+000
  0.171871978948365E-017  0.732685439495451E+002  0.325343635768732E+000 -0.698348916307914E+000  0.955074440229917E-001 -0.412612052588249E+000  0.772910068048547E+000
  0.192050763582577E-017  0.730365491875179E+002 -0.412227526058680E+000  0.968782661508900E-001 -0.682452001973652E+000 -0.354305593714759E+000  0.770590120428276E+000
  0.196218671390042E-017  0.729836341505978E+002 -0.344593026582016E+000  0.970885051952133E-001  0.779308779453600E+000  0.185925427297130E+000  0.770060970059075E+000
  0.200697403497610E-017  0.729285218459822E+002 -0.239012042793948E+000  0.345615137950438E+000 -0.318260461804197E+000  0.701172978147377E+000  0.769509847012919E+000
  0.204333357813836E-017  0.728826378657845E+002 -0.206649312016712E+000  0.809388947194003E+000 -0.256299878203722E+000 -0.744780078070137E-001  0.769051007210941E+000
  0.209529572490865E-017  0.728224385431626E+002  0.442702755977385E+000 -0.470453356819479E+000 -0.590740630608251E+000 -0.465019380305893E-001  0.768449013984722E+000
  0.229732225395476E-017  0.726283644473672E+002  0.309213207736835E+000 -0.511156112632816E+000  0.639692945575025E+000  0.201947787193035E-001  0.766508273026769E+000
  0.256964672435224E-017  0.723943409226578E+002 -0.345802825423533E+000 -0.682162784373312E+000 -0.148248285514418E+000  0.396566293533456E+000  0.764168037779675E+000
  0.280135455196604E-017  0.722116965583452E+002 -0.730726961767495E+000 -0.450239762589252E+000 -0.413529557279757E-002  0.160146048957491E+000  0.762341594136549E+000
  0.382087000498306E-017  0.715809713194816E+002 -0.675784781461684E+000  0.303206928410775E-001 -0.371350779164158E+000 -0.400660111930930E+000  0.756034341747913E+000
  0.418484254709937E-017  0.713890143696666E+002 -0.244634037547407E+000 -0.128810504072960E+000 -0.552703816968872E+000  0.610078113581799E+000  0.754114772249763E+000
  0.489496671905344E-017  0.710655624928199E+002 -0.114247152729212E-001  0.366453864446335E+000  0.682681780493570E+000  0.387823260231648E+000  0.750880253481296E+000
  0.556382390064135E-017  0.707994311162144E+002 -0.134914442688279E+000 -0.140613640524321E+000 -0.796305878787563E+000  0.275938008212380E+000  0.748218939715240E+000
  0.589872083701060E-017  0.706725562405207E+002 -0.732644993161198E+000  0.168348302619547E+000  0.223067086467894E-001  0.425843591836953E+000  0.746950190958304E+000
  0.642433888737933E-017  0.704918647405749E+002 -0.767791625786400E+000  0.173513700288057E+000 -0.354236825215704E+000  0.696870178500930E-002  0.745143275958846E+000
  0.775382634060173E-017  0.701057042289292E+002  0.125011170193492E+000 -0.305314081782582E+000  0.485093400097173E+000  0.630175834840297E+000  0.741281670842388E+000
  0.793162416622325E-017  0.700503863765607E+002 -0.611540037006086E+000  0.578258685076662E+000  0.103378322319957E+000 -0.147231420101208E+000  0.740728492318703E+000
  0.960097234296544E-017  0.696583981905303E+002 -0.399115693421949E+000 -0.224915024107012E+000 -0.646306128838384E+000  0.330479792846098E+000  0.736808610458399E+000
  0.109262121103998E-016  0.693898224993534E+002  0.407043712009379E+000 -0.726899745555355E+000  0.182031100544030E+000  0.831847847057714E-001  0.734122853546630E+000
  0.123259912857138E-016  0.691387564915154E+002 -0.273869156108474E+000 -0.645284428087432E+000 -0.320248537388963E+000  0.371021239242159E+000  0.731612193468250E+000
  0.125186699276316E-016  0.690977594511719E+002 -0.109509525384555E+000  0.511390017128630E+000 -0.474276169494975E+000  0.482444040636029E+000  0.731202223064816E+000
  0.126913668659835E-016  0.690603826406201E+002 -0.194517334467611E+000  0.362330846617753E+000  0.725993109400811E+000  0.186123142684403E+000  0.730828454959298E+000
  0.135031979844457E-016  0.689263984433052E+002 -0.139321622092749E+000 -0.239281605151937E+000  0.649189478920732E+000  0.481015002362853E+000  0.729488612986149E+000
  0.134809424226264E-016  0.689197224191421E+002  0.167268568926517E-001 -0.756721084339548E+000 -0.271163973604154E+000  0.288071805177450E+000  0.729421852744518E+000
  0.146908023883175E-016  0.687378581473348E+002  0.167982272582341E+000 -0.622032302797904E+000  0.558879610602493E+000  0.107033290736762E-001  0.727603210026444E+000
  0.160285901655093E-016  0.685535782584867E+002  0.573661574968259E+000 -0.247906241940138E+000  0.344917706400006E+000  0.465023740858225E+000  0.725760411137964E+000
  0.170139355522221E-016  0.684242857082317E+002 -0.193873800235898E+000 -0.430192553702960E+000  0.120468169170190E+000  0.698070356176807E+000  0.724467485635414E+000
  0.173308164988309E-016  0.683774036836902E+002  0.148374938079071E+000 -0.286478341200832E+000  0.786563573050622E+000  0.350920035433808E-001  0.723998665389998E+000
  0.190404152651906E-016  0.681792733568841E+002 -0.145498903130400E+000  0.564039143038084E-001 -0.781401827665993E-001 -0.831600950936325E+000  0.722017362121938E+000
  0.245199537110643E-016  0.676634515058800E+002 -0.401473664482329E+000  0.388374268122080E+000 -0.311961284426362E+000  0.554548127053658E+000  0.716859143611896E+000
  0.256664057772880E-016  0.675620849321585E+002 -0.491300033587550E+000 -0.308869865273636E+000  0.590991833151518E+000 -0.172620434322266E+000  0.715845477874682E+000
  0.313469649127906E-016  0.671522408875555E+002  0.656525694657569E+000  0.515493417214636E+000  0.121989910686443E+000  0.102979698066519E-001  0.711747037428652E+000
  0.374321208573549E-016  0.667874423387872E+002  0.132349196565646E-001  0.354485097377855E+000  0.516981871355309E+000 -0.561243217571160E+000  0.708099051940969E+000
  0.427644407868060E-016  0.665111117512675E+002 -0.198027886727898E+000  0.479193699670345E+000  0.597864926784132E+000 -0.281161216495992E+000  0.705335746065771E+000
  0.512940274704356E-016  0.661374018936541E+002 -0.251548352806146E+000 -0.156363999730235E+000 -0.744564264578089E+000  0.243918898800001E+000  0.701598647489638E+000
  0.523061324589414E-016  0.660883482150213E+002 -0.939511023541009E-001  0.182689654802620E+000  0.807825028222379E+000 -0.795268185920348E-001  0.701108110703309E+000
  0.595561222807849E-016  0.658187621720554E+002 -0.369962378444572E+000  0.173557470307782E+000 -0.703133885919399E+000 -0.192407462904988E+000  0.698412250273650E+000
  0.641569192005536E-016  0.656599613983140E+002  0.450067026039903E+000 -0.291280411131442E+000  0.635496945089935E+000 -0.745873278800888E-001  0.696824242536237E+000
  0.682591293142398E-016  0.655260278292760E+002  0.605118011480603E+000 -0.231971461269566E-001 -0.388803055973608E+000  0.421439408580599E+000  0.695484906845856E+000
  0.688666540991563E-016  0.654983309511313E+002 -0.765643152121554E+000 -0.248775173777330E+000  0.210740817974817E+000 -0.519396017037459E-001  0.695207938064409E+000
  0.730573418604674E-016  0.653702107636856E+002 -0.362775882970514E+000 -0.141600350004790E+000 -0.433207062637556E+000 -0.595484153176537E+000  0.693926736189952E+000
  0.981004641432461E-016  0.647707407603654E+002 -0.143168127927736E+000 -0.512160149373885E+000 -0.179623262386910E+000 -0.610624588683768E+000  0.687932036156750E+000
  0.101164141686752E-015  0.646992611473096E+002 -0.373577157458594E+000  0.349828316740771E+000  0.427708465531446E+000 -0.492283419150395E+000  0.687217240026192E+000
  0.108514443870293E-015  0.645490082153990E+002 -0.639158498545016E+000 -0.174547923245743E+000  0.496196385102550E+000  0.226560002323382E-001  0.685714710707087E+000
  0.114395016468839E-015  0.644334846757517E+002 -0.866704800513207E-003  0.576080539544062E+000  0.258842588205597E+000  0.534500187673544E+000  0.684559475310614E+000
  0.138204136631333E-015  0.640453609378627E+002  0.302627832128910E-002 -0.407612489531047E+000  0.221370781657482E+000 -0.682287413761901E+000  0.680678237931724E+000
  0.142321908973143E-015  0.639766666280037E+002 -0.142829712929469E+000 -0.493091403516877E+000  0.432107003691400E+000 -0.479307180288608E+000  0.679991294833134E+000
  0.145736591816699E-015  0.639192728048039E+002 -0.606077932740407E+000  0.232437313955321E+000 -0.500912511927930E+000 -0.845366578564433E-001  0.679417356601136E+000
  0.161800600447659E-015  0.637001699436543E+002  0.512462621388213E+000  0.568378752593147E+000  0.688396220508083E-001  0.294644005040184E+000  0.677226327989639E+000
  0.185902996051510E-015  0.634124742698321E+002 -0.653265571522242E+000 -0.242404266170535E+000 -0.165232626520914E+000  0.401910207870440E+000  0.674349371251418E+000
  0.194698157570956E-015  0.633100483101003E+002  0.446422517518246E+000  0.654441991678856E+000 -0.900284409603351E-001 -0.193991254577197E+000  0.673325111654100E+000
  0.199145761643780E-015  0.632549000715790E+002  0.628487393638650E-001  0.386420664791694E+000  0.720743335008205E+000 -0.563738347591392E-002  0.672773629268886E+000
  0.408848287472870E-015  0.618063107389878E+002  0.454234922512966E-001  0.621496962776499E+000  0.497725823687021E+000 -0.149113956386831E+000  0.658287735942975E+000
  0.486319593177877E-015  0.614492919460593E+002  0.534233283617472E+000  0.274223781880372E+000 -0.341916421076988E+000 -0.420959410321367E+000  0.654717548013690E+000
  0.494458704440994E-015  0.614061216011527E+002  0.208573925623785E+000 -0.462222614065356E+000  0.282560032899938E+000  0.563287533120236E+000  0.654285844564623E+000
  0.509640544521804E-015  0.613356624687187E+002 -0.369539451920077E+000 -0.795980831373064E-001  0.600722933254911E+000  0.387063236871410E+000  0.653581253240283E+000
  0.511105706423606E-015  0.613199458494169E+002  0.558819337018620E+000  0.404571055924544E+000  0.625956445904587E-001 -0.416592224612678E+000  0.653424087047265E+000
  0.566895850346229E-015  0.611027724249895E+002 -0.707227541496169E-002 -0.669872584344841E+000  0.444356637290434E+000  0.708536192621669E-001  0.651252352802991E+000
  0.614575645655295E-015  0.609312844996106E+002  0.180083129186611E+000 -0.196132079145393E+000  0.704276553465459E-001  0.757416459435662E+000  0.649537473549203E+000
  0.640814879529205E-015  0.608376922302963E+002 -0.969973314649675E-001 -0.270199387249184E-001 -0.213823567805699E+000  0.769897703144306E+000  0.648601550856059E+000
  0.649655659143649E-015  0.608003134440090E+002  0.679633665614252E+000  0.367757160965276E+000  0.647443601501507E-001  0.216537945737991E+000  0.648227762993187E+000
  0.678515932506373E-015  0.607034073737913E+002 -0.494242387396431E+000 -0.707131019916463E-002  0.152790159825138E+000  0.616107400072716E+000  0.647258702291009E+000
  0.687214250576365E-015  0.606679559974472E+002  0.132939563246551E+000  0.736209882949070E+000 -0.702480024155658E-001 -0.286864928940650E+000  0.646904188527569E+000
  0.839432631759853E-015  0.602578206791653E+002  0.462734715702158E+000  0.284076748891231E+000 -0.990556283645163E-001  0.581521969883763E+000  0.642802835344750E+000
  0.858801596445604E-015  0.602022221967755E+002 -0.619271587790709E+000  0.307220512793868E+000  0.131913194038756E+000 -0.383358861686008E+000  0.642246850520851E+000
  0.863432216142589E-015  0.601814921725327E+002 -0.140470770469176E+000 -0.294416162755618E+000 -0.587606036379126E+000  0.436286353260436E+000  0.642039550278423E+000
  0.870301683437957E-015  0.601556680523635E+002  0.330818856018149E+000 -0.340965316847442E+000  0.186352943574107E+000 -0.617539817912953E+000  0.641781309076732E+000
  0.940582244391058E-015  0.599903746126946E+002  0.740153019541332E-001 -0.624856458965328E-002  0.456563870492799E+000 -0.652809694595511E+000  0.640128374680042E+000
  0.995420176217612E-015  0.598670678431926E+002 -0.467327270675165E+000 -0.112936636125837E+000 -0.262752743947513E+000  0.581985258264293E+000  0.638895306985022E+000
  0.108658945464337E-014  0.596818243732047E+002  0.502657876564229E+000  0.395493171293339E+000 -0.477060789316264E+000 -0.193929412509974E-001  0.637042872285144E+000
  0.115596952084616E-014  0.595480581828313E+002  0.601354239356362E+000  0.280515728623093E+000 -0.313824468811032E+000  0.311293138311898E+000  0.635705210381409E+000
  0.116652938604128E-014  0.595198958999219E+002 -0.993810659271082E-001  0.632380060960758E+000  0.473008921057016E+000  0.436464246789265E-001  0.635423587552315E+000
  0.117821193228792E-014  0.594899908692695E+002  0.142649722373988E+000  0.106093340654453E+000 -0.280771478437010E+000 -0.724352934637176E+000  0.635124537245791E+000
  0.122001469086564E-014  0.594102859407386E+002 -0.360616309109708E+000 -0.483411042549597E-001 -0.137095238582658E+000  0.695090928412930E+000  0.634327487960482E+000
  0.128438123190314E-014  0.592974825168867E+002 -0.202973752849512E+000  0.665720257050122E+000  0.731648318557407E-001 -0.378767152890517E+000  0.633199453721963E+000
  0.133834934871271E-014  0.592051875247889E+002 -0.548704622946028E+000 -0.288113489083478E+000 -0.848340420203926E-001  0.490910932126459E+000  0.632276503800985E+000
  0.144274238455031E-014  0.590449950200667E+002  0.329380131808507E+000 -0.378264950993694E+000  0.372333162714999E+000 -0.490374296141182E+000  0.630674578753764E+000
  0.159838800522858E-014  0.588301201600866E+002 -0.628485401782431E+000  0.235121369155694E+000  0.554059521615098E-001 -0.418545161400496E+000  0.628525830153963E+000
  0.168500174548306E-014  0.587146031269622E+002  0.115784814055227E+000  0.298069413444085E+000  0.517804648825813E+000 -0.506949215484540E+000  0.627370659822719E+000
  0.172923111886895E-014  0.586528075038241E+002  0.195450086215869E-001 -0.750481009949709E-001  0.313575887713470E+000 -0.722778417920096E+000  0.626752703591337E+000
  0.177238586047326E-014  0.585935329949250E+002  0.216126674689666E+000  0.148857947810817E+000 -0.314516036875875E+000  0.677030422441547E+000  0.626159958502347E+000
  0.180811944471095E-014  0.585436364286129E+002 -0.214456077105754E+000  0.552070732696260E+000  0.516720929223066E+000  0.888086213985022E-001  0.625660992839225E+000
  0.229365560610375E-014  0.580579422356282E+002  0.321543061230353E+000 -0.567297422224651E+000 -0.112826897157672E+000  0.427618798346180E+000  0.620804050909379E+000
  0.238535553930686E-014  0.579695645386201E+002  0.452676130262100E+000  0.565010820912347E+000 -0.519718934046041E-001 -0.305067680323768E+000  0.619920273939297E+000
  0.243705524719050E-014  0.579167049391264E+002  0.292879428407565E+000 -0.566627522899890E+000  0.169418955945716E+000  0.428770085265538E+000  0.619391677944361E+000
  0.283831825377437E-014  0.576018873199838E+002  0.541380327576191E+000 -0.444028351340256E+000 -0.319791693242086E+000  0.154022526942796E+000  0.616243501752935E+000
  0.302773438039773E-014  0.574627064410018E+002  0.612188329267147E-001 -0.399904871833076E+000 -0.347614761424031E+000  0.574755616399258E+000  0.614851692963115E+000
  0.363562184325211E-014  0.570868002443601E+002  0.135003220181696E+000  0.392725965482230E+000 -0.609136986038353E-001 -0.659486617677510E+000  0.611092630996698E+000
  0.370266702974143E-014  0.570402787384709E+002  0.410473978734904E+000 -0.635026584398197E-001 -0.659364220818967E+000 -0.578339467286750E-001  0.610627415937805E+000
  0.404039541039429E-014  0.568557252910295E+002  0.115374397562751E-002 -0.629616644735369E+000 -0.367933948125054E+000  0.277467188740428E+000  0.608781881463392E+000
  0.427821695827951E-014  0.567313626815756E+002  0.302242007840038E+000 -0.605783123563485E-001  0.245687088381237E+000 -0.672425569665879E+000  0.607538255368853E+000
  0.446634043765942E-014  0.566353214885196E+002 -0.640680814156649E+000  0.327431246255650E+000 -0.961827463185403E-001 -0.282211970150030E+000  0.606577843438293E+000
  0.451688213116158E-014  0.566028412403787E+002 -0.190871097495474E+000  0.159871967327248E+000 -0.734291313238188E+000  0.712635002200224E-001  0.606253040956883E+000
  0.469477179390158E-014  0.565156110704663E+002  0.476107823962133E+000  0.202083893618708E+000 -0.573585569625022E+000  0.941476153582470E-001  0.605380739257759E+000
  0.475546185536130E-014  0.564799473545155E+002  0.824999896017373E-001  0.405046492437652E+000  0.306700867337851E+000  0.583172162188945E+000  0.605024102098251E+000
  0.483321884715770E-014  0.564375345676186E+002  0.642587689979045E+000 -0.356695867141812E+000 -0.100034244845269E+000 -0.233328616202268E+000  0.604599974229283E+000
  0.197546277678784E-012  0.486747189784564E+002 -0.283394272236982E+000 -0.253321066497832E+000 -0.660317298681227E+000  0.130138785001679E+000  0.597438914567714E+000
  0.431392378660934E-011  0.425074584064293E+002  0.485046447745741E-002 -0.412860447590619E+000 -0.516037068069747E+000 -0.314634354505431E+000  0.535766308847443E+000
  0.507467363127682E-011  0.421826297414965E+002 -0.367471335559938E-001 -0.157340161967108E+000 -0.711254378805693E+000  0.229989659642582E-001  0.532518022198115E+000
  0.200947489134950E-010  0.394302371033023E+002  0.264364871005145E-001 -0.502088359395179E+000 -0.501123356862459E+000 -0.328309081920699E-001  0.504994095816173E+000
  0.117292530420626E-009  0.359018120202938E+002 -0.111274489167676E-001 -0.242206984465818E+000 -0.631873883914210E+000 -0.107968497117624E+000  0.469709844986087E+000
  0.242032858114262E-006  0.206374966224931E+002 -0.109217906932168E+000 -0.319209156271519E+000 -0.444687129843089E+000 -0.741418297439315E-001  0.317066691008081E+000
